0003091 0859555 2061233 1121302 0563893 2136160 0067237 2020178 2930776 2075628 1489970 0605713 1877424 1287240 0677761 1787659 0041629 2001118 0329402 1548827 1479631 0656864 1104099 1073195 2360156 1029615 0313551 2673553 1643754 0584909 1776716 3030750 2277575 0712836 3739482 0398794 0263637 2320444 0214968 1146412 1365298 0600058 3492001 1105146 2986644 1877620 2924050 0519526 0154074 0265140 0542876 1929992 0816753 1396458 2118737 2636125 0700080 3061763 0228376 1889758 
0488588 1139521 2214005 2499932 0051284 3052574 2679991 2512082 2414067 1014009 2265017 0928873 2762455 2540748 0815436 2723821 0596156 0926653 1540419 2775032 1520293 0953466 1258538 1260482 1931956 0842022 2229087 1310067 2092220 1750798 1721477 0783542 1629554 0296296 3236167 1909003 0796054 2168416 0769454 0574753 1228891 2468473 1118116 1072609 2987822 1357045 1470834 2025664 0761124 2210054 1454668 1096037 2201178 1306453 0928812 1289366 1869934 0694193 0728085 0758360 
2115701 1391151 0913968 2002913 2315636 0599267 1046195 2696167 1868866 1062284 2362390 2245809 1331368 0585833 2118551 0415160 2878474 1143519 0598215 1126389 2981254 0262406 2878628 0851441 2516098 1304717 0354418 2137765 1430743 2041249 1696505 1762830 3185616 3111200 0425495 1949210 2320455 1877310 2040799 2995644 0148566 2992689 2638105 1449104 1418676 1247270 1485433 0614722 4409866 0929435 0783988 2879245 0427849 0237914 1483133 2207319 1110673 0803527 0652622 1676805 
2282796 2696631 1092510 2253042 0948776 2320296 2178628 2566225 0845321 2596945 0636026 1052346 0394886 0655164 2349525 2885856 1578272 2858644 2248698 1747707 0655410 0676982 3201148 0296551 3071343 2637131 1778767 1969604 2554106 0130918 1660460 2990612 1130982 0832150 2217201 1844860 2211258 2154544 0920439 0958871 0056774 2042781 2535107 1728615 0795350 2527811 1455775 0333080 0148256 3024206 1199935 0315243 2063237 2924639 0252467 0357603 0888214 0127226 3039828 1342386 
1502141 1564960 0173438 0086732 1956564 1280526 3916253 2568623 2011219 2544082 0201893 3276896 1546969 1560764 1682484 1539421 1479492 3009345 2385655 1451458 1285533 3164785 1954540 2574110 2369002 1242132 3178838 0194266 3563201 1414616 1918921 1794257 1442109 2071879 1627709 2129084 0603666 1410682 0034034 1309482 2728769 0820097 1493669 0604650 2219619 0213781 2117905 1251014 0618590 2160676 0116144 2110666 1198193 2526778 1637848 1370485 0985384 1797166 3648156 1766205 
0452766 0883282 0993109 0056127 0468326 0254196 1797301 1840164 1350623 2076544 0938446 0527414 0806632 2418541 2109560 1194637 1375305 2264613 2609673 1884227 0971292 1433872 2238481 2660415 1764040 3239372 2516251 1597543 1667657 1500483 2755494 2603858 2408530 1057751 0615463 1317158 0294062 4044272 1607897 1046721 2099048 1559433 0822009 1399618 1300890 0978934 2782320 0633822 2409179 0110090 0985519 3020603 2336381 0259047 0602372 0709136 1144354 1679431 2311327 2380487 
2147054 1484208 3531586 2518254 2028428 1255382 1616481 0189642 0127239 0125898 0752583 2076749 0088565 0069877 1498473 2299457 2444321 0682683 1034617 0202593 1481070 1792753 0029376 2067162 0199465 2420355 0148785 1328579 1928074 1959678 1429252 2078569 0392961 1463066 3158849 1190063 0268698 0474626 1882371 2030274 1651797 3618173 0936048 0189964 2279055 2344971 0833872 1328472 2714080 1733046 0401194 1882101 1054429 0698510 1493274 0287023 2542079 2141334 2116113 1218175 
2438580 1009733 1750285 1449855 1357842 1911692 1603728 2430765 1912910 1302662 2524661 0104656 2136367 1873683 1017924 1266573 1195803 2207255 0286398 0743834 1655804 1658837 0656592 0629497 1429962 2804415 0755012 2066683 0926159 1480194 1723135 0216026 0664657 1662238 1128817 2048032 0889460 2941317 1805881 0191880 1930077 1278348 1414168 1505725 0904856 1724075 2828036 1542332 2668540 0443871 2092464 1629414 0710701 1839521 0140787 1562363 2595355 2703776 0252360 2433436 
0242042 3081147 0426281 1224932 2233508 1588717 1807292 2512599 1449859 2512339 2174086 1361079 1125509 1342700 1182629 1535621 1121035 2233060 1759071 0689507 1533481 0460538 2156509 3242687 0924552 1154317 2705510 0985057 2675376 0973386 1603953 1098545 1744367 1241022 2744362 1604967 2012640 2095037 1875807 4887250 1234564 1698951 3150777 1394009 0457101 0908074 1413803 1877251 1228165 1312903 1880659 3477090 0608081 1724430 1449525 0292737 0837492 0574849 0122375 2829540 
1218500 2224806 1980924 1267871 1135511 1218390 0989946 2007367 2450392 0938536 1405017 1742095 1209232 3548473 1100394 1545998 2153548 1854785 1196379 1609169 1035595 2468004 1021502 0113383 1323101 0530105 1567317 3222632 2195419 1304296 1955930 3901443 1361846 0304673 1668053 2831868 2030646 1497549 0707990 1327303 2857573 0781198 0996625 1879489 0376710 0201362 3369406 1480075 1372020 2524419 3366270 4274818 2708158 0252657 0954588 3130444 2331618 2195728 3797051 0887714 
1364805 0354395 0278210 0121824 0364994 1378750 2643020 1600845 2536050 0440797 0983308 0735289 1399083 2444579 2780533 1014599 2321693 1605652 4011708 0067721 0500130 1579509 1530594 3315823 0833425 1751439 0690469 1070738 0546189 2051900 0418077 2440829 0989983 2112553 0515611 0538950 2910493 2952841 2193805 2344155 1668878 0727708 2600544 0828430 0809526 2439294 1743738 0347539 2601428 2902625 1234514 0932933 1852580 1697573 1685046 3798514 1354333 1146207 0162401 3184683 
1088866 1601083 0486863 3099371 2745083 1943500 1007971 0476723 1877902 2235107 1861573 2259863 3084447 0188407 0415162 1029671 0327400 1132976 1683227 0885302 1871901 0756132 1377218 1675959 2258623 0779774 3630060 2095682 2099117 0456958 0901283 0475772 1252000 0061228 3229730 3385641 2082918 1917527 2133695 0288145 2323414 2014861 0066628 0747746 2394652 0051340 0377840 2976844 0092078 0972431 1100347 0542590 1594484 0074842 0014235 0204091 3245248 1729269 0229711 1362454 
0282089 1408870 2693475 2740427 1932707 1280996 1280831 0950377 2380817 0346329 3889298 0705124 1702260 1618521 2538405 1308554 0437614 1750664 1819358 3005498 2723380 2144200 2164574 0677465 0005380 2411207 0334725 1897613 3295427 2678800 1384201 1372910 3104038 0069692 1103617 1586752 1147535 1518921 0194575 0660111 3019553 1274118 1033772 2245635 0319745 1344995 3682408 1624999 1902466 2383094 2512442 2206205 1398213 0299229 0539324 0625370 2178624 3878360 1041501 2646067 
0692746 0355092 2871078 1122621 1831261 1191853 0440739 2132189 1314386 1267850 1205851 1939056 0738238 1580987 0449764 1619420 1806331 1820010 0440425 2380041 0523344 1202791 0366861 1481104 2915110 1362376 0053442 0996354 1330467 1506100 1333920 0389360 1774943 2057416 1556999 2187152 0019857 0728583 1013599 1729237 2023972 1000132 3937161 2155665 0113790 1525547 0949499 2673385 2529255 0856908 1252113 1917786 1196729 1072424 0660333 3594995 0579985 2786049 1806382 2707487 
3324681 2574005 0566302 2168665 0918190 0393626 0732601 0781701 4158060 1301805 1643858 1808065 1309707 1384806 2002025 1458565 1093454 0288411 2203060 0096349 2838749 0300249 0456994 1829609 2899622 0326192 2143310 0572220 1344503 0654774 2627423 1388177 2494125 0659054 0937519 0958783 1969975 2471635 1514377 0045266 1514064 0045195 0197426 1234441 0630051 1827797 1483684 1499722 2102071 1187426 2614350 2331625 1967111 0142133 3200455 3198284 3087893 1040357 0209603 3561844 
2819791 0804188 0627325 0496025 0904447 1019247 1015026 0198531 1639337 0497285 0269904 0551252 0178916 0974970 0962186 2461878 0794183 1239807 0572482 0362971 1311546 1430508 2414686 0909248 0554568 1092823 0381681 1734575 0318663 2310690 0459774 1823994 2046627 0011183 0079663 1765317 1392678 2790959 0217034 1288273 1876005 2388079 2433134 1324873 1502830 0476354 1542100 3344701 0283936 1724874 0630502 1075837 1453760 1247828 1756262 3613921 2189480 0016956 1597644 0697099 
1971204 0531627 0831207 1985666 1361403 2053796 0922841 1843428 1365501 2315267 1447117 0625005 1191043 2842435 3068785 1903407 0833926 1904937 1393705 2446298 3196955 0667731 0507392 1667277 0888404 1861640 1170666 0072499 0425668 1364517 0333996 1810501 2314527 1087844 0594189 1940760 2699966 0489431 2226811 2431693 2424708 0566063 0355697 2064722 1568970 1476785 1293341 1298022 1465757 1369845 2784614 0354726 2368903 2063514 0501761 2490576 0267150 1715584 0215099 1639091 
1971948 1589582 0032395 3316827 2693276 1738487 2736294 1477055 0009152 0293087 0991486 1679203 0841952 1726754 0182231 1803020 0740221 2795656 1785532 2380187 2094238 1322678 1514723 1701016 1900969 1966885 1424319 3184852 1428623 0371405 0549678 0445493 2168599 1976158 1085903 2916032 2582246 0133643 1073916 2434414 2321271 1478033 0340381 0047215 0926949 1176867 2281712 1061935 2798240 0488884 0640468 5366587 0607672 2991248 2093229 2734451 0862019 3130529 1177522 1444520 
2353973 2962948 1893316 0537620 3475440 0957321 1745492 0223528 1665952 3315073 0982733 3276525 3651121 0272742 3570558 1899400 2199079 2767624 1150792 3555475 2622695 1855118 0371344 0301910 1978034 2648361 0274538 1863675 0195701 1896948 2191844 3815211 1145439 1861857 1255932 2236645 1948373 1970922 2416126 0587856 3539969 1297209 4910065 0033096 1908798 2330288 3120871 2831784 1043365 1465154 0758062 1597133 2352841 0571546 1428542 2240150 0085588 0338763 2123660 1788594 
1606963 1781853 0121258 0054769 2542599 1833490 1905132 2115279 1643433 3448508 0810935 2221451 2651043 0308080 2431856 1705754 1497103 2753746 0208900 1732327 1886400 0291021 2610991 0720345 1516971 2239959 0320483 3032807 1174710 1870094 0727231 1790178 4061184 2930845 1297751 1917239 0261647 2243313 0302484 1409017 1699954 3180414 1369321 1326718 2646698 0742828 1988636 2079852 2606339 2405952 2379884 0781131 1264044 1494979 0732182 2061367 1681794 2804971 2232843 1817118 
0920449 0950921 1911385 2154642 0087049 2392141 2092486 0732076 1622289 2305455 3310857 1551784 0645261 2924779 0905581 0633393 0845575 1484490 1851786 1842870 1928821 1557490 0526780 1734400 2601743 0470827 1220374 1103439 3172950 2593368 0201895 1150736 0992903 0465917 1952637 0424251 0887201 2743683 1224794 2287975 1567109 2777212 1157259 2725246 3460549 2577469 0161479 1486152 2459660 3662614 2588775 1552390 0131680 0682866 0189949 1895711 2643469 0054046 3485071 0891725 
2282625 1043410 1345346 0094845 1795611 0494329 2535293 0352377 1498069 1735098 1464560 0848047 3132781 0286727 1197142 1312400 1781037 0118430 0197039 0357614 0181930 0043591 2895239 0067949 2971339 2681041 0712263 1981114 2339334 0857084 1010281 5846364 0636845 1504410 1080949 1127898 3631599 0952216 1337353 2421867 0371710 0771752 1739838 0493899 0599665 0375170 0837939 0773892 3660443 2636197 0763953 1819593 0568122 2709510 1558028 0329602 3001660 0573323 0433578 0658825 
2658530 2312419 0968056 0865979 2862923 1538348 0047874 2495776 0084132 1139998 2180430 1046157 0810356 1591339 1075945 1916057 2618045 4477257 2281313 0996216 1249192 0432019 0991064 0005698 1922541 0886309 0972028 2403300 3954573 0488760 1263296 1782550 0768811 1202911 2842933 0869429 1917118 1192673 2097997 0773733 1457556 1114215 1654706 1120237 0934228 1442192 0665684 1326683 2676124 0174271 2456620 1657331 2212774 1414509 3096446 1543136 2952885 2056624 3395229 1152985 
0035460 2797992 1658231 1255088 1201133 0531805 0918222 3341923 2916189 2309054 0680918 1530603 4257680 1901240 2952101 3598799 0196930 2074540 0524601 1608947 3101216 2520297 1515366 1742416 2685771 0451765 1121810 2432186 2343123 1366023 0534891 2141808 2098675 3666634 1784900 1296754 0659961 2386620 1029694 1021542 0779505 3068846 2010620 2426574 2442943 1262141 0623662 1654140 0414404 1806899 0583149 2240266 2055313 3165050 0389062 2113077 0447157 1484091 0142450 1874320 
1324091 1058479 2817876 0515999 0298579 2109012 2309130 1537933 0615760 3992935 0094375 0926531 1518223 2040578 2582033 1976374 2462249 2388769 1842146 2574740 0679632 3656979 0520907 1910130 1918932 0088416 2185126 0815911 2868273 1836981 1476551 0726411 2448609 1903099 0759273 0964791 1490716 1979332 0750567 2169723 1964348 0829589 1829083 0652358 0163297 2540416 1295437 1742924 1452110 0632283 1890031 0274661 2880398 1465912 0220788 2192773 0328301 2481201 1732165 0802328 
1186121 2418066 0909094 1732899 3042677 2265459 2349529 0629707 2928220 0149656 3911037 1878707 2051971 0070725 0233967 1865293 2302230 0632892 1765648 0373542 0755672 1576682 1185421 0102031 0796974 1442602 0156051 0474602 1589868 1503907 2906103 0622864 3864085 1995953 1237841 1310867 1419844 2530982 3298033 2127959 0759753 1649202 2351254 1409405 1335856 0441480 0818616 0622489 0193357 2696522 2561347 2259125 2133555 3344366 2926167 1372506 2154969 1767935 1885336 2380280 
0601742 0909210 0467007 1577411 0932100 0997957 2432689 2292645 1550819 2104286 0739881 2837138 0435062 1719206 0179491 2254426 3302610 1672742 0428083 1693965 0498582 1189739 0080029 2619839 2867627 3174005 2380571 1525084 1474708 0784014 2926184 2149049 1035370 2075447 1889197 2824967 2407471 1489060 1519799 3848284 0625848 0956503 1920503 1304369 2696648 2683282 0265908 2470308 1113655 2902158 2814786 2681189 1601204 1265291 1564124 0818491 2211393 1973674 2315137 2300599 
1887704 0699151 1653589 1752960 0947654 0842206 1319767 0830190 0155196 0434805 1563739 2055565 1363658 3180177 2152618 1354577 1894630 0120280 0578158 1333367 0945693 2265947 2364940 1724497 0160928 1570716 2143891 1206899 0861113 1386507 1277352 0087382 1080064 2029719 0643210 0668391 1968670 0660204 1201525 0423560 3422869 0381279 0148236 2000395 2650383 1465902 1550272 0874459 1066739 1384565 0787965 2070923 1579660 1874379 0517552 1085758 1866966 0568902 2058430 1917190 
2930301 1336888 2564828 0240740 1179710 2781028 3471062 1989478 0689940 1817352 3015821 3712794 2191708 1857729 2972759 0900839 1202769 0950277 0950740 2091140 2317064 1306594 1209887 0936180 1702448 0791155 1368918 1923424 4284911 1778470 2667503 1520808 1853033 2346722 0790440 1542278 1648958 1084014 2331664 2726490 0313244 0872533 1853600 1861676 2836838 2776066 1727746 1195658 3263581 3077864 0197420 0165603 1138595 1048123 1121920 1833543 2339876 1031314 1322272 2867592 
0692507 1881593 1441919 2882460 1028700 1244184 0562584 1316235 0013898 1979462 2098958 1625497 0591976 0629462 2469974 1063450 2887574 2694644 2700165 0628256 0816123 2534744 2111180 1740028 3341152 1561921 3143347 1850453 1260715 0813685 1643734 1128485 0972106 1939354 3750748 2617244 2365939 1503940 1580473 2475126 1143805 0070312 1931944 3765511 0769267 2511290 1118572 1102258 0062618 2485577 1769322 1774931 1468843 2700707 2653709 2586212 0879220 1775405 1056077 0828904 
1885415 1425955 0066864 0748237 1210900 2582902 0736718 1042276 2462831 1280664 1965930 1662051 1589511 0738924 2439198 0599646 1306111 2310060 2432279 2746507 1427794 1577995 0150248 0569148 0389355 0434270 0600310 0818162 1519213 0364436 1539208 1470869 2077174 1856131 1237755 2713472 2200181 2063058 3936914 1018610 0274956 2019990 2117870 1458988 1516891 1406907 2230511 0427058 2039348 0332123 1281420 2300741 0883725 2687331 1610077 1222318 1175546 0010260 1918865 3393115 
1455358 2674469 0623242 1122418 0601529 2439922 3769541 1013933 0382841 1320898 1215293 0603086 1560526 3502513 2744564 2501350 1850392 2795183 1079812 0996355 0713624 1213743 2846008 2384995 1172810 0655507 1200719 1856584 1469535 0058934 0822053 1157174 0953758 0828645 1379560 2351756 0774682 0471344 1004199 1946489 0344975 1326914 1235778 0159144 1883418 1184753 0177576 1593185 0674540 1505249 0998057 1303076 3947220 0693594 1171072 1367220 0895365 2159809 0331956 3414433 
3132302 3232407 1270026 0052293 1777558 0785730 2023987 1534095 0865840 2083054 0407101 0565951 1720940 0165247 0703696 0896846 0957569 1883079 1751908 2185744 0662000 0868089 1003454 1513641 2721613 1158561 2331714 3250670 3232529 0542143 1538637 2342881 3033662 0800912 1691920 0686798 0782343 1353540 1898993 2676541 1155834 1401527 2647181 0447969 1851510 2712059 1603964 1060223 1789340 2894423 1699251 2701425 1804614 1384033 0859453 0636269 0334581 2859217 0995976 0225343 
1165392 0149055 1203343 3736701 2155386 0280108 1407137 0771985 0254307 0119841 3064429 2133921 2347982 1685338 1517199 1843240 2641477 2953419 0354489 2545221 2412278 2362266 1097520 3165796 1105132 2225264 1293590 2226255 1278258 2807053 0702410 2201583 1250051 1696797 1805051 1565091 1450894 2314340 2525190 2413978 0742327 3452034 2779805 0812089 1824930 0484321 0730133 2572067 3932755 2501010 2116799 2994811 2822093 1534915 0951448 1826450 1967689 0905906 0297355 2043380 
0729138 2266544 1909671 1192912 2563858 0437414 1625100 0679153 0649043 1399284 1476178 1899930 0387545 0754347 1583323 2528135 2687952 1535819 1691560 0122886 1474028 0828242 1477495 1978634 0471044 0904135 1010047 0338855 1347850 1545881 0190391 2551762 2659591 1134510 1025381 1851973 0518943 3154758 0738325 1516813 1010855 1575048 1771824 1490476 1354256 3388191 2963715 1719166 0200301 0660466 1659230 1474592 1564002 2522362 0882197 1992668 0783807 2800373 0735530 0985779 
1187483 1936539 3463509 0013695 2564356 0024399 0393826 1365127 1611304 0674703 3137084 1669295 1317514 2601520 0479766 1547221 0529469 0450287 1634567 0485002 3686845 2199975 0854285 1633926 0748806 0590390 1893446 1345573 2015785 0528337 0953021 2662754 0740087 1541235 2091899 1313806 3150909 2669152 1693158 0721601 0788336 0329549 1368134 1176982 2466523 1247996 1103510 2462630 2386015 1750089 1063497 1777833 1470081 2574752 1146064 1199885 0851090 1810030 0192988 2653033 
0395246 0823809 1143940 0398832 2267605 3130993 0398118 1071616 0747855 0056551 0245199 2379062 3718533 1570617 2240937 0339018 0058075 1718528 1016517 0539050 2636810 2257630 1277774 1395453 2391029 3082627 1890869 0195259 0595275 1824290 1019782 0304555 1174727 2205288 1035775 0479148 0631650 2060228 1698934 1197622 0061967 1175653 3401769 1831005 1606931 1493059 2439838 0378320 1796965 0102121 0163893 2267630 0427703 3053070 0897888 0812599 0346134 2742387 2058590 0983518 
0194184 1480821 2074175 0960682 1468267 0042889 3312511 0683138 1725020 2605581 2442141 0401303 0196975 1595400 0274745 1040526 2296139 0174452 1009845 0573121 1655779 1510142 2653795 1097920 2759508 2650272 3100247 3965534 2411512 1861366 2434088 0863176 1845944 2401784 1067976 0989646 1087773 1679755 1413577 0577699 2808918 1707780 0426409 2091125 2338930 0197652 0719946 0676023 0180344 1609021 0489619 2475764 0919296 0642307 1491044 0215862 1105183 1632531 1558247 1729156 
0290541 0502346 0356704 1953603 0346211 1048287 0838116 1120301 0237295 0159831 2843578 1264171 2054619 2526638 0860876 3303820 0002990 1357714 0018529 0862314 0751928 1722532 1173926 0524083 1595197 0700453 1071059 2321320 1655787 0433695 2105613 1392817 1306531 2835014 0178307 1702192 1044122 0344968 1737722 3010063 1440072 0402716 0545398 1446314 1651589 0965989 2631378 0479282 1726210 2164554 2199963 2813129 1977813 1060939 3044878 2294359 2294180 0281957 0639384 0822432 
1010328 1398886 0441411 2245478 2838376 2609856 0404078 2429881 2296155 2201991 3115937 1800795 0597910 0851044 0553968 0992255 2839682 1092209 0120111 1076593 0041718 1965750 0813990 1428054 1705091 1051005 0754164 3116387 1526352 1747322 1964396 2119698 1566527 0458072 1279324 1233910 1941305 1449035 1773508 1521673 2495116 0956251 2156135 0935818 1125960 0206585 0534361 1028413 1590518 1022693 1398884 1282931 2875639 0749040 4282305 1235303 2066781 0152915 0442696 2707960 
0889708 2009718 2552690 1818172 0586980 1446308 1587661 1123088 1638852 2992900 1200268 1441346 2076456 1745210 2165237 1332342 1025960 2841762 1778161 2496679 1904180 2616914 2537428 3088422 1355900 2937198 1691410 1856800 1482325 1014152 2549003 0981386 2467813 0287610 0503690 2846238 2316612 1025225 1049639 3031315 3058391 0789595 2155650 2260010 1121269 1294730 1560132 1263639 4050971 2318050 1644047 1678231 3025661 1985794 0845918 0830391 1077912 1604334 1607367 2041727 
0607045 0572274 3031339 0232326 4523149 1441626 0514740 3417003 1727959 1423820 1813851 2398632 3056607 1943044 1333978 1912498 3003737 0487140 0403372 1908073 1820005 1973844 1874562 1903294 1964253 1557922 0937686 2629998 0075350 1076336 1019379 1535029 1133638 0874395 3027451 0700087 2324806 2530984 2093595 1057726 0120238 2923203 1613043 0048668 1954196 0872494 0743149 2534658 3046952 2582589 0658111 0599614 0108078 1599455 1037652 0834557 0765307 0048418 2397890 1611879 
1669693 1548312 2209079 2096936 1566135 1307016 1182662 4028667 3301516 3181291 1857678 3672760 3031018 1545961 2314363 2433976 1734872 1113980 0741078 1935514 0807576 3489942 0996135 2669796 0758669 1271570 1172533 0535349 0310417 1640516 1199793 2161498 0064974 1561796 1734514 1002110 0133851 1806640 2183198 0799655 0412380 0857858 1254068 0630396 0730598 1877503 3013987 3139275 1042208 1172888 0494829 1549102 1291443 1467740 1179200 0843360 1014271 1251106 0772723 4099369 
0366394 1239055 0617798 0442025 1378483 2448527 2629350 1524240 1411833 0108593 0970146 0548941 2913405 1021354 0773454 1476620 0568697 1580214 0600597 3698179 0988890 2852353 1170100 2026740 1797080 1920912 3442905 0433973 2339280 1428440 0923284 0303548 1356843 1800191 0171871 1200386 3601826 0385949 0951937 0581310 1475334 1165055 2474860 1900369 1435711 0157255 0469012 1035003 2040785 2389097 0326409 1410402 2321989 0815710 2120804 0920749 3380966 1898866 2949353 0562287 
2464910 0865406 2096829 0649976 2149489 1734216 2724974 0550207 1087409 0018526 0673898 1042695 0288885 2562133 1547968 2182055 0239914 0062556 2041619 2663024 1108970 1460211 2078953 0643691 1545335 0982331 2097198 0394441 0758229 2475233 0259011 2589790 2813947 2496292 1725568 0580486 2226451 3023652 2795866 2434358 2131748 1552422 2112720 2238710 1542589 2036695 0781599 0090702 1927977 1511931 2095651 1915434 0517441 0323456 3521143 0633075 1926281 2186869 0906939 1476015 
2076940 1854651 3058704 2131889 2023134 0740721 1381300 1654804 1881467 4000463 1814981 2088809 2120049 1889409 1184279 2389494 1773470 2057247 1274244 1652566 0031347 0925966 2758448 2289223 1728735 2114676 0274820 1120985 2541456 0983862 1676291 1621796 1946507 1312255 1179234 2975044 1114157 4660600 2596175 1485827 1377702 1144878 2738091 0397131 0917248 2552369 2358516 1632357 1224937 1668902 0170145 0705075 0408522 3602842 3389431 0179725 0600628 1449949 1172845 1747279 
1283064 3154417 2390069 0509398 3372624 0104469 1871741 2440528 2426662 1101755 0045436 2485765 0588668 1492454 1153284 1053555 1707415 1780439 1485625 0302322 2962068 1486944 2527250 2469418 0649260 0550102 1416450 0864476 0255047 1565693 0626579 0783559 0691421 2440800 0906967 2912517 0915455 1127312 2515801 1024540 0771645 1259323 3084005 2379887 1930418 0744071 0123920 1972116 1607315 1318224 0889779 1534395 0375771 0015004 1024737 3424515 1587580 2370910 1674140 2460121 
1307854 0599184 2308106 0338698 2262973 1351178 1089078 3431740 0862200 1116579 1632005 1760719 0948613 1381449 2547194 1596987 1398796 1928409 1420418 0408449 2034604 0238777 0003379 2441476 3538053 0878132 0745153 1430573 0729396 2308169 2426126 1836530 2600757 0262011 2452461 2818761 2400427 2967682 0087025 2093745 0302830 0178248 1841054 0554792 2873472 1696846 2662014 1596995 1931247 2294763 0726339 0381559 0353147 3341702 2992374 2122022 1929098 2810616 2465850 0387324 
0544800 2175724 2147530 1457619 2700012 1386279 2110144 0787706 0931674 5096877 0812373 0827858 0902466 2329375 0824919 0777499 2661489 1334156 1957709 2028359 2115737 1458872 0204234 3228638 0135553 0265788 2349099 3747304 1255926 2219402 1550664 0101778 0005322 0953267 3191695 1597994 2048649 0859243 2907864 1789108 0828297 1276582 0316155 1210385 0906595 2731395 2528996 1119715 1338009 1490931 0960794 1056758 1775680 0019145 2979795 1384542 1690004 0744574 1820141 1705792 
0556974 0332576 1418262 2984841 2155853 2518213 0377284 2367424 1466229 1294648 0538758 0701768 1112167 2421155 1202294 0035433 0684605 1339757 1806348 0369282 1345084 0484567 0040098 1096885 0233216 1056494 1505029 2339977 2402622 0232033 0414576 2381126 0081853 2128974 1290043 2576103 1987249 1675705 1444303 1769156 1386694 0912725 1927375 0612825 1344573 1082526 1030740 1635490 2065234 0015487 0309217 0345672 1727444 2531235 0108045 0876116 1839544 1829417 1970845 2608747 
0490141 0530224 3791832 1798284 2253187 2031249 1581654 3061273 0926296 2132165 0354656 2363434 1525761 4359292 2687838 1461233 2287544 1433899 0742594 1695034 2141949 2198558 0161596 1419704 1150086 2781077 1809647 1069077 0209535 1924899 2642316 2224223 1541296 1675805 1060286 2412119 2617508 1164778 2808845 0344292 2180329 2497664 1157501 0958336 1679854 0634138 0033246 1873176 1108483 2553206 0828087 3102764 1698956 1851458 3096280 3056978 1222274 2971558 0742129 2427401 
2108526 1206276 0626105 1093042 1362800 3465725 0970940 1750358 2946266 1415152 2245383 2202369 1370438 0984347 2180002 1276000 0390157 0157425 1175846 2043550 1365739 0823320 0239254 1414288 1279127 2356200 1008797 1246860 2868791 1283871 1292106 1799595 2899115 0325628 1219617 1447133 0271007 0553331 2843095 3130081 0438734 0177134 2098545 1654165 1115367 1554221 2572224 3612899 2622266 0848483 2503828 3731755 1026210 2389806 1090119 4079454 0091639 1585510 0933972 1036644 
1563399 2435481 2114794 1135430 0512133 2201189 0406304 1160770 1074041 2222262 0758868 0852510 2129965 1813605 2454444 3013609 2807630 2458328 0063581 0993686 0204020 0284767 0714360 2184702 1807026 2114596 2090182 0025353 1192281 0804150 0434222 1732525 0721454 1906143 1032779 3267926 1415544 0819215 2063698 0767647 0442811 2966800 0212431 2104280 3031460 2161444 3045584 1985012 1872590 0466005 0972767 2943110 0511657 1874047 0332701 2605666 0577492 0432913 0365815 1818062 
0329172 2545895 1360466 1140205 0306785 1637180 2755459 1721500 2093533 0761539 1266359 1780570 1740990 1779873 2401432 2641484 1150298 0589540 3186174 0211812 1486469 1912490 1478247 2436178 0550627 2042857 2469239 2538259 2557475 1313409 2581884 0593016 2720440 1083693 1513028 1688990 0359787 1751623 1748375 0801258 0603974 0355043 2497943 1912249 1756690 0334041 2590114 2089728 1180800 0627494 2138579 0791800 1616414 5596719 2206678 1186843 1354674 0770473 0153454 1707706 
1383745 1820546 0277826 3284578 2523202 2367534 0924487 1032544 1065315 1273646 0812241 3783330 1553016 1280106 0082227 1914009 2094933 1746670 0343250 0506834 2882463 1081789 0713449 0421488 2405335 4213018 1437044 2408460 2272227 0205393 3354100 2584546 1971859 0333869 5009067 1800800 0539021 1223334 1977835 1029383 2308044 1878065 0513004 0697432 0120019 2274498 1570231 2903812 0968091 0749313 0699956 0392155 0198350 0231199 2926805 0869635 2218720 0001070 1461363 1658317 
1989662 1245672 1424262 0122135 2761282 2856977 2002410 1096499 2437484 0438985 2538037 0286168 2643445 1061684 1388218 2420919 2430855 0430536 1809797 0692623 0972396 1857669 1901859 2791722 1546649 2190839 0697644 1712688 3423967 1956278 0014163 2128546 0629269 1996895 2547639 0004994 0320296 0483121 1615659 1506334 1077221 1303013 1081011 0852692 1965548 1596678 2838631 2797867 0108584 1755936 1758137 3169670 0650181 1660345 1587165 1330283 1087276 1429642 2317103 2604701 
1091509 1659304 2614360 2040627 2975102 0210278 1893776 1658390 0960683 2540179 1720341 2515338 3097436 0085200 3400524 0656287 1432065 1130135 1715268 0907669 0967621 2248898 0076677 2303113 1244763 2395104 1862578 1985570 2844632 4520355 1971433 0090240 3528603 2328276 2182922 0344178 1745702 1989672 3972299 2396451 0566443 3391700 0104019 2496870 1676713 2879065 0436455 3004117 1669673 0215085 0982940 0644883 1987654 0148615 1380601 0250217 1734929 1241049 1976312 0378174 
1791945 3336954 2640190 0883777 3639915 1250992 3185547 2188897 0266474 1881430 1354040 0751056 2575419 1691562 1719356 1325480 1130981 1990002 1694697 1212485 3638444 2008333 0566562 2456665 1407807 1609466 0536164 2923597 2294634 1942635 2386971 2380151 0350064 3043474 1238077 2457601 0859153 1327016 0321892 1774486 2858473 0010766 1533763 0706395 1923826 0870214 1272844 2883350 3138787 2191281 1570154 0971653 0221871 1291711 1562694 1832867 2140787 2917783 1715184 1728161 
0503118 3687860 1299997 2224235 1061626 2137448 2393057 2357802 0487722 1469587 1004052 3588308 1569882 2366686 1284063 2490415 2485229 1068863 0761529 1956940 0941960 1787217 1541822 1568088 0789212 0935079 3200024 0099607 1047216 0040485 1835222 2066503 0122176 0956495 1120891 2753028 1188012 2284939 1737167 3739567 0427349 0322464 3363375 1015960 3054780 1405173 2157506 2108233 1288143 1120619 2577382 0733975 1282423 0899746 1933752 0523543 0321204 0342912 1538829 3606136 
0911792 3369784 1885973 0564332 0547136 1622448 2396543 2052370 2221041 2039874 2015076 2584745 0646874 1258178 0854793 1400818 0476262 0814274 0573432 1684609 2252788 0791614 3148177 0871750 1808857 2435397 0673815 1183610 2441584 1179427 1424887 1430211 1159438 1697599 3038324 3680982 0475246 1285309 3306340 2311232 1473212 2283389 4414146 2235881 2002703 2842930 1005526 1426283 2176084 1049194 2513674 0903529 0979736 2810985 0870725 3411046 0956635 1257937 0941966 2018301 
0992859 2601871 1850026 2046107 0305994 3641499 0917088 1811995 2945576 1925161 1710324 2600746 1480671 1816307 0057955 1043885 0704352 2038412 0252607 0125907 0163115 1317209 2642316 1171472 1213250 0228563 0352675 0536705 0932897 2055490 3424100 0913509 1370213 1383085 0564665 3022118 1433075 1880004 0908432 2613417 1041774 1921602 2132658 0609756 3008542 1746320 0594542 2062067 1390267 3205245 2395686 0902295 1581359 1377713 0273148 0232201 0777483 1692609 1387321 2637907 
0284227 0028488 1685729 0356604 4349995 3123774 0951738 1050988 0820253 1442018 2534034 2031601 3090284 0227200 3495111 1954216 0292854 2257075 1964311 2573593 1494577 2441190 1665167 3503482 0970299 0418766 0045979 1321437 0896015 1592992 1269441 1604916 0218103 0383061 0071442 0093367 1742898 0667171 2643057 1279051 0033768 3497252 0677444 2113294 0542566 1861106 2148992 1937696 2596911 0696500 1810090 0871940 2741771 1639139 2476066 0428927 1098726 1127694 1146978 2620114 
1814460 1593749 1862730 1857698 0870214 0503376 2750027 2140012 0099496 1345926 1484077 1792670 2778828 2010687 1138952 0976307 0032532 0869793 0951210 0826255 2078366 1571764 0467180 2086368 2241608 1564265 2820138 1712479 0893596 0805504 2404684 1723295 2013156 0597711 2776171 1247872 1239585 1287466 1577589 1528292 0424932 1589775 2024556 0400795 0581767 2415413 2096623 1294989 1946745 2081655 3421638 1537879 3506616 1669329 0875271 2365893 1356218 3888171 0098656 0676660 
0986926 1448853 1110104 1687657 1979228 2052715 1267095 1851540 1939694 0904039 2567434 0573816 0470125 1023803 1436992 2498576 0989649 0137626 1863109 1795988 1447402 3027082 0787778 2553003 2834994 2090762 2352709 3535764 1041723 0171755 1048581 1436744 2215030 1339498 1560654 0788274 0578756 1660282 0603589 0040412 2184893 3160545 1065162 2359330 2015788 0334372 2999969 0748435 1862575 0993516 2412616 1324123 1334046 1066364 2238336 2161324 2748955 2410813 0120977 1603371 
1781791 2001338 1794412 3167891 0889051 0033794 0782369 2646257 2063558 2797631 1817518 1474551 0554416 1879465 0578473 1897854 0739558 1387996 2088592 1664980 0946386 1518860 1005098 1535340 0843746 0857694 0507816 1842204 2090388 0356634 0040382 3606074 0112904 1978004 0443230 3586370 2822024 0166155 0796464 0759514 2377496 1201345 2331610 0023896 0402990 2874829 0681616 2123973 1263240 0675822 3935284 1585096 1945282 1035815 0341291 0355408 3514959 3314091 1906682 0426253 
1220193 2356684 3124372 0432632 1913733 0799579 2286266 0470907 1181776 1421825 2006100 0999720 2136916 0362101 3082137 1890401 1289672 2492786 0315800 3373054 1832030 0175834 0045761 0861499 1366637 0332371 0280135 2045516 1081656 0527459 0507830 2010606 3815137 1166669 0587768 1088730 2432748 1700859 1535851 1942885 0577481 2050629 1783510 1629838 0148891 1909792 2317546 1907559 0432886 1753673 1967047 1239001 2477097 1967648 1345753 1556533 1075471 0991424 0660774 1284085 
1270088 0908415 2472320 0491741 2915262 2669198 0018607 1254076 1162125 0694054 1751067 1870478 2382735 1177105 2329595 1632669 1611016 1714906 1747158 1408942 1001210 1308995 1603381 1348787 2549948 0139211 2783111 1243929 2583802 1339186 1375716 1793201 1118848 1324362 1196307 2899773 2326817 2094137 2671060 1676192 1472431 2340318 2441179 0138017 0880775 0259013 1552747 1976417 1972075 0983249 0713445 2553739 0035068 1601545 2328853 0481025 1991907 1942987 1477887 2706991 
3276058 0556295 1490508 0179321 2934270 1247200 0796565 3480246 1867749 0258837 1091943 0307582 1602140 0693520 2701044 2779937 0867697 1686074 0596580 1259787 3423399 1753717 2156999 0394551 1618677 3339199 0547674 1141041 2110671 2066800 1684403 1159605 2038680 2058731 0415078 2747024 1201183 0908378 0955111 1671197 2345625 2125006 2093420 0695384 1737762 2130361 3202738 2093876 0480393 2395571 1718293 2982680 1123894 1874221 1493955 1230543 2165400 2925398 1241262 2103531 
1505765 1564887 0768614 3032679 0020716 0055288 1094022 1460500 1800166 1257026 3960755 2623475 0703760 1308811 2779269 1293460 1955523 1973175 1804497 1222176 3288075 1558997 2114087 2222382 2145827 1406742 2167771 1285019 2067841 1342945 0690017 2767518 1110770 1943927 0958497 1870176 0071448 2044075 3183940 2401120 2504692 3837508 1581365 0801296 1332919 0728673 0100224 0375285 1837090 1663644 1433675 2966456 2184502 2631031 2756293 1012264 2203026 1954828 2765732 0929989 
2196666 2176639 1428500 2428600 1282279 0817401 1127336 1627803 1507486 1933057 1368219 0819488 1457360 0772461 1913319 0310656 1026285 2203595 0496279 2225159 2027393 2129528 2532379 0684123 1150717 3834999 0601218 3704732 3022299 0140806 1409805 0570069 1821493 1961784 2058087 0860870 1302253 3101669 0979433 1557613 0486946 1075781 2160327 0141465 2140440 2474660 0454049 2373103 1568206 3034178 2033746 1207772 0891913 1518167 1024580 1916434 1348932 0442321 1519414 1717753 
0834886 2200659 3907267 1945836 1577443 0452635 1551282 1497114 2413722 3165345 2929832 0864359 1591957 1096255 1701492 1415859 0016808 3144178 2133246 1690248 1595585 1899681 0591977 1601466 1111052 1850252 0294286 1546337 2682760 2453263 1377799 0999144 0428892 1154410 2799829 0852020 0385987 1746423 2271371 0981158 1155789 1067104 0052785 3052044 2300120 1826461 1506249 2894362 3640042 0220555 2365025 3849029 2697222 0931119 2682333 2157990 1733061 1979114 1525492 1573360 
1089111 3252436 0413881 2772858 0596555 2855876 2026759 1120206 1594246 1933169 1094689 2161716 0559498 1234682 2294329 1516931 2803921 1379467 0561913 1367785 1280398 0300108 0547058 0414417 1184423 2955714 1154727 2604356 0944616 2616877 2451452 0295867 0246147 0908212 1698769 0397580 1268952 2313699 0500201 1291304 2364563 0581711 1823882 1581322 2511102 1987277 3301325 2115237 1531673 0806378 2611208 0831447 2411590 0421519 0315625 0357022 2332946 2315148 1470381 0145176 
1176467 2883135 0380988 1230953 2048357 1481889 0886034 0984640 2844427 3356149 2831227 0240612 1664795 2591179 2395656 1242015 1522329 1852053 2260435 1026296 0482488 0098109 2456425 2332910 0577163 1465731 1874846 3077228 0381118 0187051 0404342 2501852 0034220 0557557 2955668 0649285 0391555 0737596 1776125 2226895 0973452 1908094 0744209 1617528 1534202 0943538 0692066 1477423 1012773 1252537 0623997 1673863 1118996 2183084 1681227 0971996 1500933 1202755 0666085 2007043 
1677916 1607069 0924764 2509789 2230420 2965971 1027140 0871804 0045954 1565797 2397833 0211104 3440030 0939466 0532268 1490922 2067812 0540269 0796255 0049997 2269003 0919512 0015992 0673344 3717180 0769859 1751118 1675470 2200972 0796229 2960977 0816631 2281216 1758555 1984950 1600980 2577885 2213475 0219917 0885953 1270661 2096862 1336537 0676083 1645929 1142232 2166245 1098741 2509879 2494877 1779235 0380132 1352390 1426861 2870646 2411095 0191188 0022924 1344352 0073895 
2035761 1557335 4142155 1171981 1069284 2366278 3232618 2454615 2392090 0987266 1743911 2364700 2480113 3811788 0240421 1505323 1106734 2330709 0673324 0901293 0703816 1770845 0638138 0818024 0711192 1426658 0079012 0780856 1512751 1893257 1097729 2292258 3065451 1931542 0853328 1875482 0699478 2856341 0089244 3206399 1654202 0422194 1049066 1910590 1741091 2875670 1052957 2197997 2739457 1001509 1896294 0870075 0399551 0916408 3578712 1632055 2138866 3520812 3916113 0914316 
1789320 1955763 1866276 3002032 0096303 2195745 1390971 2790040 1458307 0258509 0826403 2376996 0560988 0305226 1595507 0348135 1310385 0792771 2880205 0154572 1481789 0378389 2240958 2171038 0924264 2494485 0264353 2153530 2467301 2152308 2040438 0453071 2560610 2075924 1429336 0285364 2649483 0315228 0621145 0840372 2064372 0957147 1701874 1213898 3517023 0660565 3053349 1312244 3163143 2163685 2437218 0384130 2131565 0383682 2217184 0399970 0820688 1477086 2452791 0067377 
0904588 0382772 2160684 2749278 2407374 0594067 1991944 1421701 0073619 0677907 2340762 3770631 2613860 2073516 0604689 2376930 2207715 0767190 1860038 2360998 0997484 2072666 1089147 0567754 0280702 3315343 0705764 1015194 0961980 2375126 2530637 0145453 2008231 0236011 2675541 0408858 2944734 2601555 0983555 0080261 1833647 2250893 1605764 1456362 1696672 2360674 0684664 0075541 3633422 2355667 1698817 1316985 2151699 0672724 2932561 2716862 1106160 2431732 1064534 2960740 
1839514 0066925 2348118 0843463 2788954 0798032 2211044 1450182 1644739 0701978 2355296 2678720 1122050 2370832 2002475 0896308 2818465 0678478 1295131 0765321 1266302 0643955 3649050 0256002 2528885 1447329 1510811 0972759 1444536 2325319 0480110 1937016 0574951 2784111 0175321 0337934 1036689 2747681 1903940 1461415 0725434 2654557 1132670 1095202 1976765 0705479 0975044 1890166 1483248 2675819 1435511 1932165 3118161 2224652 2018412 0253292 2139824 2822756 1984442 1123767 
0677382 3429268 0295708 2692863 1095316 1814155 1258098 0494585 0824731 1260699 2580369 1647596 2265415 0492670 2023491 1724198 1768589 1443382 1720098 3410920 1590767 1171524 2813627 0532943 2079602 0553622 1013416 1480146 2626248 0840003 1388933 0545568 0001136 1502863 0990669 2446660 1900010 2032939 1725867 0289209 0099977 1553552 1997904 2603970 1766192 1551029 1950621 2224059 0017409 1471964 1667485 1819530 2009728 3093716 2605590 1798221 3229526 2723113 1285763 2020006 
1074836 1831822 2497048 0633605 3555399 1949190 0431750 0585945 1211327 1742355 2116425 0896523 1190616 2739103 2949407 2369984 0207393 1969867 0108272 2775241 2455429 0963596 2423687 3081387 0657771 0583507 1966459 1190510 1643109 2166454 1731048 2870721 2827850 0219872 0896698 1418658 1699038 1408383 3362993 1459191 0957621 1763908 3062323 1415120 0049758 2247408 0191986 0040235 0331506 0333956 2276007 1058061 3409877 2416520 1530729 0237391 0352001 0819740 0181807 0641317 
2364257 1803966 1823347 1994572 1430560 2775891 1537818 2154247 1142169 0325291 0404975 1599237 1673057 0706313 0186393 3207122 1732736 1624917 2046046 1363662 2817122 2475976 1658804 0416146 0333064 0713921 2464779 3008917 2691662 1606673 2821018 0529681 1397839 2477386 2823375 1616741 1512011 0776175 1951512 1197353 3348902 0844290 0559625 1791624 1959543 1317587 4439018 1840449 1373836 1292267 0913441 0292101 0715849 2391588 2048343 0798450 0769233 2316067 1315726 1770017 
2029242 0689348 0415296 2044188 0849295 1276655 2982478 0183062 1868407 1717964 0265606 1406333 1058979 3357316 2048907 1688305 0199905 2326171 0819441 1498483 0105463 1641786 0758732 0724440 1670166 1181295 0387351 0390012 1008731 2261953 0932982 1363273 1187893 1302724 1174253 1353679 2620177 2334313 0773095 2107640 2584068 0896854 2162068 1197618 2992544 0127598 2363533 2037725 1500923 0220560 3265657 1940825 0640800 1606213 0786793 0506191 2017370 0289233 0575059 2050481 
1892373 1994434 0401110 2238290 2533511 2843114 0323342 2060112 2329009 1826863 1994754 2962851 3253581 0285681 2264050 2165655 2260667 2068808 1060753 0908793 0419333 0506129 1954571 1608183 0846208 0373438 1217995 1060397 1364426 2868076 2634692 0808487 1511831 2959311 1586364 2739177 0931371 2626847 1390848 1126229 1822685 1322669 1901017 2853765 4031037 0418720 3394289 1155438 0375440 2285529 2102373 0584086 0706938 2778426 1476277 1665038 2244233 2451009 0168139 3047238 
1330253 0003808 2710353 0026103 1597508 2050509 2402862 2079019 0516924 1470531 0784402 1372373 0605376 2255407 2767785 1638271 3343319 3640336 0999823 0898003 3534478 2371919 1793980 1071660 0691330 1315527 2097949 1748806 0748070 0594810 1308898 2038369 0702525 1379511 1863275 2401765 1287412 1348173 1549568 0167193 0680557 2510132 1858276 2124725 0702491 1916289 1783723 2463501 1006839 1757065 1448060 2212748 1096544 0964219 1514361 0737370 0350553 0556371 0226309 1214516 
0221612 0884688 1143360 2183571 2487234 0428455 0733291 2324428 1989199 1727203 2066368 2786455 0187852 0999789 1537792 1225151 1315376 1439398 2954882 2322826 0625354 1490608 2491026 1735246 0718782 1605097 0931677 1918940 2341401 2939173 2248259 1838391 3391253 0271090 0919096 0492442 2624572 3116673 2435857 2096931 1124057 0472651 2111767 0322641 1120403 3206556 2493588 0068627 1493585 1170596 1491252 1550080 1803184 1049519 0270070 0107796 0849228 3531264 1680259 1523527 
0787428 1375138 0024896 2648333 0700286 4379616 0904921 3853072 1227611 1739042 2425875 1772240 0839450 1647828 0187361 2184437 1288444 2335316 1340812 2190516 0441091 1940082 1033300 2207848 1211090 1534176 2761561 3072139 1192834 2829086 1893856 2322879 1882562 1777826 1474205 1664582 0697976 2017513 0155076 0420323 1220695 1207929 3108857 2048999 3702214 1114625 1117778 3117169 2118438 1749306 1411258 0692256 1818207 0617633 2051456 0186269 1660427 2952985 2383948 0135799 
0973138 1864743 1442644 0307215 1043979 0412271 3352595 2676370 1907137 1009545 1649650 1662256 1751997 0587259 0566788 2406716 1092784 0881821 4624682 1452035 0992752 2433138 0039769 1971266 0015492 2397983 1682907 0883956 0907352 3073549 1014236 1464454 2096004 0421662 2966324 0364932 2048426 1734971 2432758 2161432 0514792 3202242 1436254 0948241 2755150 1119196 0738096 1328287 0993977 2232916 0509927 1362492 0171350 2432922 3195585 1665465 2443285 1039115 1807953 3127728 
0939615 1569553 1742707 2147726 1089628 3165512 2087099 2778693 2826584 3527443 2017540 1694137 2126616 0972521 1870189 3167673 1446938 0459086 2459099 0619632 2935608 1747708 0704448 1515209 0703631 0797978 0821470 2130891 2507967 1149553 4275528 1688921 1606387 1882134 2435428 2161179 0306698 1228871 1637512 1291917 2364370 1760924 0516416 0050711 0986772 2919135 3014231 0404345 0607029 1491681 2517784 0371019 0045901 1567030 0891014 2028621 0520279 1081067 0348038 4589852 
1353292 2926549 0885906 0769666 1501703 2380194 1475897 2851830 1285344 0961567 3438651 2690739 2413115 1647398 2968352 1523236 0609186 1433443 0549615 0640287 2334590 1908023 2312202 1432244 0929825 0924466 0181385 1506308 1080088 1129566 4420437 0932547 1380409 1097122 2277507 0208132 2860708 0022613 2392248 2828366 1137686 1277895 2178685 1224719 2077849 1530407 2671857 0511189 2656560 3698080 2066447 2580544 0746581 0500638 1966808 0909201 1377693 1774125 1939207 3246521 
0011478 2620996 2719907 2744847 0923283 1078347 2305536 2070666 0904528 0760605 1559289 0228670 1806137 1446033 2593474 1527646 2539961 3098634 2743005 0341099 1869889 2186167 1453601 2953646 2599271 0990140 2393501 2879250 1969180 0268215 0347883 1384556 0795536 2156996 0745801 0092233 2307343 1241498 0663721 0743602 0596063 2803864 0152590 1516545 1570540 3070388 0229272 1661919 1703653 3592531 0354831 1847434 2566057 0887873 2733551 1338082 2373566 1539632 2045979 0956602 
0725123 0449934 3437632 0723296 2405767 2408261 2370962 2941165 0587857 0116016 2531549 0009132 0122546 3033288 2573069 2682291 2061539 3372666 1619908 0648865 2726150 0056470 2717304 2653942 0830077 1772121 1052418 2890176 1543881 0004157 2145059 2334166 0570472 1801760 2536743 0908940 0453156 1050883 0707063 1077206 1807472 0862126 1631986 0507741 2947630 1357166 0980271 1191632 1507836 1097660 3064746 1147364 0580042 1724962 3037713 0927772 0197426 3189388 0219654 2208459 
1739617 1890556 0724452 2352064 0876842 0239655 0360259 3557440 1877611 2098959 1680554 1364493 0409473 0184854 0797480 0835851 0357527 2263634 3281576 0359337 2206529 1557523 0935920 1252150 1594928 2385138 0781045 2028880 0232973 0558083 1253917 2280815 2664891 0010501 2216501 1002733 2041329 0508122 2616041 3338967 1273412 3331575 1201283 0628995 1347265 0712534 1223832 1408143 3398467 1029036 1305403 2092013 1617074 1183087 2586226 2899994 3554487 1249046 1108518 1278658 
0969745 1049721 2061931 0839281 2159846 1431219 1935932 1747045 1528583 0929546 1294280 0997866 0462077 2210940 2543113 0138189 1223522 1404101 0865265 1027566 1262831 0793203 0902216 2174635 1630700 1358090 2043190 1198893 0591680 2147772 1831765 2036998 1389245 2048758 0818752 0991008 2707618 2372479 1777440 0440472 0514889 0906428 2941055 1739363 0050840 1514266 0412783 2669475 1043215 1877424 1515336 0150031 2952596 1942028 2394556 2424698 1784519 3031910 1561260 0411319 
0318355 1090330 1122535 1620996 0512862 2553621 1161358 1301306 1101362 1715849 0713544 1380453 2954222 2231876 1447357 3690136 0744316 2512240 1998292 0773315 1204483 3114396 1195869 0017423 1177034 1134648 1485019 1727475 3182301 2574402 1872266 2099389 1082960 1460263 0395742 0984683 2089851 2651270 2413776 1672401 2647486 1700317 2182878 1012615 4291549 1626185 1792219 0778117 2129913 0519459 0011291 3088060 0669924 0073117 1463761 1105641 0347889 1169087 0156236 0768827 
1374280 1584566 1892262 1013839 0169292 3010321 3547535 1412913 1613945 0698791 0987060 1943793 1814760 3012339 1791517 1984806 3555637 5150902 1051934 0685009 1547006 1841751 1744550 2587608 0614385 2380643 0887498 0598113 0139258 3312928 1399446 1638234 2056100 1042209 3007012 2496967 1847697 1149625 1948792 0108493 1786269 3311059 2310306 1038678 2973369 2160586 2632724 1791861 1832675 2405048 2224650 0119226 0569074 1512745 0150631 2200160 1299679 1656182 2672818 2633732 
0373213 1740876 1996072 2173170 0673757 1798220 2673950 1670752 1109919 1853824 3403760 1460575 2394145 2756482 4660702 2327658 0009171 2151543 1965181 1903215 2203050 1872000 1032525 2489056 1675130 2442846 1064072 1148250 2706738 1460302 1579098 1147010 0104327 0581876 0263822 1085929 1704930 2124736 2375052 0676604 2167573 2669171 1607314 0574924 0257796 1846597 0917819 2077084 1886751 0952715 0667844 0719861 2524105 0482528 0053691 1480631 2682516 2800448 1360067 1717628 
0432923 2072726 2105253 0003579 2381706 1317822 0411621 2497949 0421900 2744064 2712325 0510288 0488741 2263952 0842789 0892952 1261415 1957364 1106212 0878735 0940931 0852795 2096167 1024591 4523420 2661642 0275028 1340127 2181285 1869571 0867165 1495688 1253394 1775741 1824936 3978668 2978857 1164190 1978763 2082641 1685402 1430228 1217642 2964072 0205292 3314469 2007701 1800173 3489958 0927098 1452065 1531344 3262157 0279856 3074142 0502817 1593103 0776920 2291546 0102852 
1167350 1046941 1229410 0040020 1235507 1621320 2210700 3381483 1891596 2776661 0033266 1440768 0421154 1631476 2452416 0672066 2813101 1799290 3299762 0890321 1426867 3579240 0141902 0053470 0417024 0272566 1926046 0755655 1806191 1333667 3292388 0662978 3132806 1386398 2296697 1002589 1842182 1343195 0268807 1091954 1719893 0186635 0362827 0733763 2477604 0599393 1280189 1989501 1911482 2692756 0607726 1582398 1683979 1040708 0163247 1879436 1187188 2558760 1764362 0132353 
0595496 0309408 0711179 3503481 2779957 0035181 1308561 1595563 1042956 1329019 0662527 1282251 1225482 1780809 0312089 5082455 1022193 2241547 1867047 1813119 0748567 4303873 1843161 0497736 2456660 1481818 1617228 0743333 2004388 0996086 0335364 1356502 2607423 1375252 2278246 2125923 0466964 1740903 1552555 2277886 2053816 1424661 1611321 1288999 2259742 0297106 1342328 2826334 0357899 1035387 2729979 0860612 2560750 2030838 1541473 2648084 1505283 2758869 0025927 3091041 
1853547 1031547 2047216 0246732 2485838 2379930 2148827 0793734 0017290 0790640 2677182 2407653 0938716 2088526 2628972 2448246 1310388 1991604 2463935 2901066 2675256 3125231 0695139 2284875 1920246 2366710 1689136 4171283 1360912 0219501 1686165 3244053 1761608 2356322 0801248 1618051 2807925 0547625 0483845 0640893 1172420 1911549 1386956 1926422 0067461 2451157 2142363 2464648 2362841 2577597 2879356 0515295 0823150 0111254 1592712 2525988 1634423 0383074 1579661 2584842 
1743440 0711485 0425290 1723892 3006827 1599866 2854284 1220926 1861836 1902779 2611471 1398514 0528254 0681940 1162835 1699068 0438688 0550808 0186833 2413330 2267153 2786745 0310102 0004704 1787194 2621471 1322398 2539889 1107645 3748569 0022667 0709837 0882646 2150031 2326692 1454580 0117769 0301749 1535060 2309924 2096858 1602068 3513526 1623969 2012684 0484638 1516322 0421347 2633718 2086458 1195790 1862076 1352134 0916022 1937805 1160636 2242105 1535651 1677965 1292070 
0831907 1912591 1221649 4476398 0870776 1563596 0305442 2971718 1772609 0662991 0651450 0392696 0890487 1216058 2265443 2221216 1024349 1588550 3457172 1369987 1356001 1056572 1877828 0652016 1869371 0704320 1173319 1764971 0299912 2920588 2423370 0789608 1430831 1411156 1822758 2850462 0600502 2577704 1152161 0850153 1980534 2002255 1840531 1544022 3061596 2233380 2290206 1441401 0414025 1600411 1295123 1286136 1757073 4090684 0810833 0165661 1423915 0025247 2728536 2115333 
2548791 2880051 0020628 1414516 1799424 0698578 1741062 1665408 1891765 1212915 2385615 2597447 2071896 0937000 2380192 3765872 0282464 1891941 0286082 2826053 0404360 2161513 3428060 3177688 1217036 2053167 1495286 2660213 1157951 0865758 1852108 0675126 1613970 2385166 2389703 1761382 0611102 1229607 0986218 1538780 3017524 1820949 1000562 0345320 4192885 2070800 0824314 3215927 1950803 0246031 2111243 2112528 3742044 2488520 0793367 1546744 3175320 2381364 0746433 0460329 
1045725 1055344 1661257 0218697 0167934 1308707 1756201 2412785 3813569 0590975 0658125 2298014 1195475 0500463 1164829 0498221 1264638 1450637 1190585 1423606 3241282 1339588 0073413 1798602 0519966 2816825 2844892 2198059 1853762 1777745 1646505 0448159 1774819 3661165 1965135 3093481 1672964 1474371 1956993 1389670 1951890 0760085 0960554 1729888 1806903 0781612 1746158 1546622 2676067 4398033 1997984 1489988 2055237 0292281 1403636 2995467 1565787 3033062 2370414 1567656 
0350583 2227990 1118602 0161933 1502353 0494454 1344765 2110362 2003894 1700906 0803791 2100657 0785903 1738812 1106481 1214239 0433711 0494794 2382964 0094942 1289016 2888995 2109080 0598793 2052958 1711244 2568536 1102552 2290636 2913103 1979861 2113268 0859102 1714615 2359050 1214298 0512815 2729153 0081171 3258922 2194617 1949447 2027560 1242093 2823172 2646725 0305542 0805434 2089659 2456786 2652490 2424909 1679602 0326678 2980825 1905111 1461392 1893719 2689005 0377563 
1861138 2037964 2841109 0820295 0881395 1344828 2595328 1690730 2407694 0254163 2335934 2169091 0541071 1200710 0014756 0501363 0725118 0513359 4397127 0205002 1402113 0451670 1068663 0561122 1853756 2277734 2367630 1037749 0421480 1835128 0967138 0357279 2522963 1845434 1204851 2047673 1399896 0932246 1585983 3904869 0810762 1961329 1151696 1395053 3344154 1952836 1216122 2106032 0110477 3101228 1048771 1634909 2322905 1788928 1809723 2086083 1547896 2493710 2689695 2572632 
1211298 1339447 1501193 3834991 3168477 0372232 1610271 1410481 1010214 2851477 1800557 3844007 0105517 2367571 0885132 2583197 1054815 0448119 3144620 1931444 1752945 3067409 0707555 2098055 1381139 1347695 3028603 1613610 1067559 1197467 1233822 1592702 2214433 2868181 0488981 2737577 3079451 1388488 2800718 2607300 3166384 0788830 2002991 2811133 2064241 2926297 0109093 1208426 2471699 2892304 0306036 1463231 1047666 3796327 0766767 0372272 0051857 2586651 1563068 1863265 
1560229 1812589 1597779 2086791 1070621 1262207 2924107 0715397 2175063 2316190 0912871 0642565 3475236 1409280 1237177 2639921 1615725 2252881 1051375 1500055 0909588 0215291 1362679 1574603 1034529 0390763 0353437 0953714 0187954 1519275 0134455 1485073 2451528 0208537 1729287 1647172 1617276 1524113 2899428 2429421 1175394 1184088 2574973 2038423 1483785 0774664 2528945 0229833 2905206 1540837 2540325 1472673 0704697 2777879 1356247 2012972 2011599 2111118 0566100 0766673 
1692676 0365100 2896783 2366941 0895426 2532537 1483847 1193667 3548123 0886582 1421582 2609560 1496242 0652664 1177323 0173927 0848240 2397676 0399093 2225276 1011316 3404471 0718662 1863501 1805451 1723130 1239970 0938490 1965326 0352925 1949660 2051742 0042760 1195596 3032412 2874320 1104071 1595866 3543351 1033170 2548757 2426653 2008752 2289574 2832231 1098027 1219657 0428310 0226449 1539291 3272059 3384100 2986337 0704509 0044102 1868515 2913774 3216492 1801034 0847962 
1656859 1500617 3031489 4103419 0629173 1601740 1858715 1005474 0044027 1081250 2869334 1701759 0618356 0513484 0188123 1737572 3661269 1938320 1304650 2310429 2714618 0675630 1592076 1842722 0982447 2307518 1799392 0479600 1090793 2321661 2350342 2094080 3482610 2657262 2005489 1395941 1878935 2164124 0293343 1861154 1296291 0346368 2233077 0113927 1933235 0430483 1685973 2184081 3251255 1405160 0640430 2201967 1038261 3597788 1875956 1716322 2137852 1672025 0253390 0870016 
0707132 2060857 0320579 1428774 1600155 1267067 0647232 1411604 1572032 1264433 2118800 1116306 1151432 1642308 0770848 1284152 3266706 2307302 1251454 0167901 0066693 1307760 2147739 1210030 1570125 0902198 3341186 0590425 0001480 1279174 3202393 2062443 2843966 1201902 0345158 3651887 0437096 2857879 2541852 1155873 2179762 2672532 1470505 0009499 2204406 1832581 3084377 0704483 0806434 1899965 0981688 2280340 0464336 3269056 2491968 0104176 1260567 1471300 0878659 1809820 
2194134 1430019 1310100 1822306 2702139 0265666 0424208 1283857 2141044 0172780 4026983 1205541 2092174 2751307 0759176 1365838 0299029 2607602 1837790 1221042 3560327 1914525 0710183 0936920 3547494 1921850 1670895 3057894 1352742 1167460 1293468 1338588 1793202 2714526 1516462 1434272 3542426 0626795 2021215 1321730 0091159 2590844 0212103 0355385 3498388 0925621 2419503 1704724 0621586 0194928 1636684 0568053 1076726 1934219 1381641 2547188 1959110 0268127 1124699 2025286 
0681786 0880815 0680921 2599621 2546442 3353803 2523601 3414216 0619548 1406425 1598418 1867454 2013063 0626993 1418784 2048092 0743249 0671524 0256919 0362185 0525056 2524360 2565914 0105351 0251024 0904244 1333375 1289680 1412550 1534617 2568356 0984906 2075837 2545095 0848009 1049330 0540755 1621506 1542902 0134934 2346887 1955011 1269774 1888421 0948344 0727487 1340308 1136682 2100966 1882949 0406651 1746682 0815669 2356611 1055357 2490733 1362452 2441407 1732718 2082103 
3251224 1911149 1641751 1489628 0955787 2839738 1125860 2525111 2225160 1420409 1020804 4607934 1549404 0366626 1033926 3323369 2531674 0754383 1445495 3231661 2128144 2462617 1435466 2698319 0597266 1525636 1569353 0196895 0119405 0781975 0801469 1149257 2309741 2325415 2019349 0399577 1423358 1795210 3145003 2425065 2339749 1033251 0372101 1843686 1374165 2168714 1458792 2115608 1142210 1230353 1965647 2431484 1632207 1146653 0773179 2028703 1795863 1136566 0831481 2422446 
3310795 2287122 0447601 0258036 3000606 1398137 0965466 1388435 1521904 1346666 1149920 3090073 2147808 1757599 0586463 2130366 1774160 2852503 2641491 2105238 1500125 2350422 0597783 1720588 1751651 2366282 1468696 2702341 2455460 1679683 1140987 1986856 1940345 1489980 1034260 1447326 2239802 0807168 2169076 2684568 1236737 1046525 1774125 0807718 3137910 0452984 1533845 1786439 0749049 0856810 1661609 1975974 2435151 1925136 0051735 1926440 0412886 0328645 0802370 1156641 
2290453 1633996 2738600 1876364 1632828 1435825 2008814 0503016 0592331 3283655 0583801 1310472 0538743 1330755 1993909 3533049 1388553 0026500 2406787 3250742 0506035 1763458 1902533 0278220 0760500 1994163 1483465 0175111 1661643 0860867 1374118 1483768 0413673 0104632 1558272 2566501 1471031 2074836 0373122 2397545 0460546 0154260 1347452 2130985 0721969 1597359 0982758 1616360 0225520 1118222 1750860 2139004 2441725 1129007 1209727 1160963 0540676 1111212 0678377 2844584 
2093264 1677018 2105867 1351676 1079485 2274777 1199540 0487394 1213571 0954761 1538868 2130145 2578569 1805557 1280214 1505272 1204888 2127420 1105558 2753386 1212954 0936030 2109117 3306736 2089010 1609916 2086199 0525426 1773710 1346624 3703366 0839490 0634923 1204198 2601040 2488357 0874156 0041808 1318179 1512349 2215895 1724443 1223897 2654195 0490998 2503571 1130965 1197654 0249176 0425945 1211939 0691830 1483918 0236749 2548127 1232556 1287236 1056471 1622103 2434226 
0101109 0809229 0741036 0223486 0802503 2888923 0087250 3124521 1550540 1552272 1367409 0099441 1621157 0358976 1144452 1073274 1978497 3251935 0557418 1169468 0167181 2469489 2340763 2521799 0188173 2255803 1672160 1117406 0736648 2609557 0455710 1542081 0373836 2100010 2321453 1045879 2418299 0639422 1770701 4719719 0973215 0967237 1725607 0422023 0339537 0841670 1315229 0887546 2476285 3337377 1758641 2019373 2646327 0810152 2297225 0533079 0386030 2804147 2842338 1724576 
0959205 0022790 1268195 3827974 0576919 0793670 2500984 1420778 1058272 3390625 0655181 1852890 1008898 1368730 1282918 1315941 1570941 1706583 1458356 1338865 0089169 2222901 1206683 0956021 0377174 1268306 1137888 0701609 0289143 0658232 1770803 0788546 2409659 2050342 0065532 2466086 2675484 1111745 1657113 1478733 1150052 1480083 2465567 2442763 1070201 1915500 1012156 1475516 2294969 2585195 0721357 1187457 1787246 0579095 2439938 1816308 2504827 0955545 0516661 0029449 
1406517 1961124 0954680 1810219 2098995 3434769 2105685 1422589 2173872 0890099 2005919 2328191 0552540 2198423 1969507 1492450 0531050 2590586 1197347 2065150 3516436 1820341 0866893 1308893 1766627 1810571 3083973 0766495 2035134 1830155 0554303 2505491 1808680 1860380 0106442 0222296 1380604 2393243 1651504 0659158 1082159 2477169 0253839 2377658 0359627 3101015 1302285 0269321 2013060 1074422 0553909 0729320 0007448 0846257 2182962 1419934 1478731 0822020 3767150 3124879 
2593571 3744040 0871685 0854401 0852876 2510807 1292615 0609988 0566770 2259694 1711035 1043853 0328090 1903562 1092584 3960006 1493135 2455292 0056008 1967258 0442122 1955711 1814508 1271005 2555694 1599074 1258566 3499868 0116379 1663172 0426382 0318071 0721568 2603304 0694282 2662647 0878263 1054749 0242153 0822763 1665401 0960627 1851946 1466320 2402723 0462353 0981865 1424065 1177981 2607867 1549527 1361974 1175994 1805985 2019329 0025308 0636470 3396904 2595910 0547625 
1214622 0885000 0517299 1298568 3071895 1784911 0120506 3094339 1196259 2180870 1449104 2825627 0967617 1103925 1315855 1094895 0295597 3557917 2515691 1474466 1832878 1289474 0874603 1030874 2129423 1547630 1362371 0837133 1100670 1611183 1569665 2155805 0729877 2399795 0966886 1264871 1710657 1964925 0024150 1548189 3139932 1845265 0316719 1824156 0755108 2138765 2025979 0841730 1908101 1523202 1891474 3622724 2054159 0507267 2898644 1796097 1190908 1353136 0370527 1669936 
1321430 1909521 1144072 0988849 1868395 0869472 0110273 2538389 0076101 2053560 0543998 1731811 2749313 2012204 2646472 3269076 0438276 0428424 1137637 1302249 1388941 1857891 1197614 2952968 1851699 0747387 1725228 1412970 0523101 2202756 1733502 2562594 2016524 0709275 1505091 1885963 1543606 0947698 1211858 0172796 1322374 3893329 2674916 2590647 0523056 1385889 1125379 1225309 0223175 1422958 2496122 2277454 0609599 0278722 1358939 1591321 2161553 0159090 1125498 1882526 
1131646 2250318 1060637 2882136 1333764 1794263 0774933 1598046 2663109 1707771 2043785 1061655 3901552 0813496 0413511 2608732 4523700 0438747 0887675 3083400 1197943 0353726 1522514 1665494 2557417 2891146 2268378 0580640 0194906 1574894 1008393 0197178 0522826 1939952 0830863 2303012 1220922 1349206 1895384 1200073 0626608 1411313 3610685 1697608 0662593 1404338 0523666 2116480 0613340 0870289 0603138 2137810 1636940 2271982 0485390 2738636 3665156 0599794 3471929 2642525 
1400269 0151846 1316263 0515131 0974396 1435542 1011995 1211934 1106016 2003672 1398122 0223879 3794548 2328684 0258683 0976695 2683695 0339231 1885249 2884278 1220372 1733459 0994838 3315388 2052598 1736013 1986232 1471537 0309263 1479584 1589203 0112939 0676018 4377985 2064425 1478260 1637808 1480251 0852262 2005473 0854508 1689555 1055451 1139373 0527916 2067043 2130618 1878124 1414041 0056891 1329879 0751063 2002530 1086765 1794158 2883256 1472661 2102947 1321413 1546466 
2620953 1021579 1606052 1070101 2401093 0671821 1304366 3232750 0414175 2314397 1092213 0406137 2644654 1449133 1740211 1227443 1140337 1777386 2458961 0317085 2102373 1321324 2785465 1551153 1667701 1503527 0843621 1410178 2475091 0501122 1069259 0558523 0248795 1982755 0652019 1320401 0816218 1357009 0012251 0345431 0701566 0517655 2019274 2924123 1734248 1123536 0877396 2414412 2344283 0063923 1148915 0369146 3183072 1162254 0302348 0839784 2159459 0305236 1914713 0701147 
0185445 2117255 1271959 2041694 2805693 1050172 1240086 0192387 1125721 2416040 0610681 0774804 3742863 2138271 2228056 2123782 1083240 1227334 1002195 2481550 0398783 2081382 1225760 0204799 3312930 0802863 2518788 1271833 1505379 1219704 1595728 2184168 0340941 0154275 0383756 0835376 0310169 0305174 2531662 0262169 3645574 3518458 1495315 0675336 0023904 2582835 1494600 0377724 0833984 0354789 1709637 1086628 0453474 1435603 1889924 0015863 2675053 3099639 1779385 1412518 
0381919 0231390 0285384 1271522 1261610 1809936 3686872 1646732 0804565 1780453 2700583 2047508 2475877 2087338 1824261 0866112 0530288 1498864 0301144 0808405 0294098 0872511 1559867 0787490 1371652 1654822 2632798 2942982 1647015 0444997 1120186 2424010 2066403 2122928 0754430 1094938 0907094 0688378 3099817 1210077 0932661 2725882 1630688 0431994 1707731 0126224 2124276 3203053 2871102 2418978 0410644 2628795 1445998 1486784 2183591 1307518 0898429 2225206 1290734 0099573 
0985262 2683841 0768811 2223875 2517560 1655008 0322643 1313076 2293798 2594236 1652259 2019202 0735205 1682619 0845784 2596571 1549597 0018235 2097431 0271530 0766193 0915599 2029730 2048960 0526635 3442098 1516173 1351555 1295770 3871827 1533041 1081201 2924294 0461241 0302671 0829517 1602890 1415382 1083694 1892580 0544482 0052737 1527076 2218786 0800341 2509993 0293554 0743798 0307184 1128677 0502226 2657724 2081738 2120771 0394265 1686792 0657304 3106370 1692455 2236002 
2243574 1109606 2771717 0950688 1454742 2380986 2590831 0404489 1339173 0513373 2648631 0669889 2188269 0450471 0890713 1773256 1897187 0213782 2619117 0558335 1230259 1161589 1442426 1830793 1993495 1702226 2068657 1044029 3120187 1537501 1403741 1875405 3149053 1920216 1473220 0873042 1733340 2841216 2634924 3108515 1725798 1555119 0167365 3535408 2095446 1768277 0053044 1561061 1467998 1455279 0468380 1981712 3543524 1350617 0206286 0145264 0660034 1998536 0351386 2468667 
1091181 0469157 1401193 1342552 0463481 1734959 1315351 2632158 1909002 0800449 4769124 2752077 1660231 1578707 0512299 1495748 0727453 0808013 0048802 1344296 1286616 0090763 0942814 0617539 0997704 2367910 2116224 1955026 1207777 0751748 1757746 2482256 1279311 0355666 2574367 1492286 1387479 1321473 3580000 2233175 2264455 3580285 0504108 0784421 0490228 1058495 0026216 1485951 3084419 1051742 3267719 1441849 1396814 1747330 2829478 0045720 2447322 1879544 1282400 0197256 
2416641 0994335 0454086 0540424 1863016 2431234 0809945 0677973 0666599 1698154 0794184 0442348 2034386 1468508 1510347 2357901 0933869 2346530 2029912 3420510 3313252 2906697 1174730 2894735 0447730 3492586 1366578 0788914 3396695 1233348 0306200 2056794 0995164 1614920 1286287 1921048 1712347 1631716 0710000 0635877 0817371 0546704 1635984 2291903 0959204 0885485 2937594 1645367 0621189 0705760 0241160 0611682 1384468 0447511 1333869 1483067 1107306 0529522 2214633 0086609 
3257438 1353754 1732887 0851359 1198821 2530998 2025913 2641493 1983864 1808911 0648316 1455738 1173525 0962881 2888574 1838929 1182634 0442362 1691247 2748326 0968932 0013777 1678951 0953501 0652734 2174943 1100084 2653888 0182997 2274399 0398869 1082322 1298418 2799254 1849321 2400585 3251723 1355254 3021336 0797330 1984050 1331806 2668831 0974489 1498152 0474817 3540467 1416146 1968909 0843454 1197403 0509526 1512678 2516207 0375352 2206485 0113334 2357075 1399297 4200195 
1934621 2449450 0626655 2691348 1561273 0145921 1698529 3078586 0136780 0618775 2144772 2709224 0658823 3286504 0253962 2363605 1433756 2988829 0841799 1881863 0411556 0886396 1447031 1890622 0345502 1038099 2109492 1781685 1046709 1436281 0327912 0203283 1532910 0519819 4098926 2137384 1837320 0666766 0383636 1619469 1407920 2040697 1141024 2319384 1906485 1209891 1410494 1579493 1759294 2178595 0890693 1547324 1226263 0799469 0456915 0941018 0133935 1445593 3716809 2849881 
0920399 2293551 3067478 2300872 1237045 2640021 0987649 1051346 1269160 3247926 1612718 0670814 2607265 0703919 1895209 2052770 1461793 2023398 2827781 0616233 0821952 1314224 1491133 2650995 2580387 2999444 2230318 0539302 1813018 0797908 1856544 2338428 0425224 1669922 0751837 2565041 1943666 2286616 0571417 2029160 3231305 0155624 2386705 1813824 1620389 2726744 2732548 2475597 1397829 1858196 1969158 1805456 1286578 1504938 2272342 0028277 2391449 1336689 1385793 1481468 
1700288 3154847 1377497 0171495 1605202 3828708 0325454 1358399 1789372 3497905 1384549 1525306 1208995 1863472 1107400 2959862 1808051 0776780 1736952 1272845 1610928 2448767 2056749 2134575 1082644 2010080 1852738 1074150 2572914 1111346 1455670 1159327 0745406 3308748 0463293 2721137 0448639 1400110 1677743 0784071 1204404 1889769 3734058 1822579 2288654 1481103 2216670 1678486 0016543 1096434 0168253 0599014 1369436 1549564 3315886 2152530 0297776 1558967 1689240 0131967 
0170524 0316148 0709593 2515099 0300957 1160613 4778414 2337266 1330589 0431082 0060946 1537315 0451550 0789179 2179084 0838961 3320143 1120701 3154271 2663307 1180043 0364574 1741229 0570595 0651317 1531244 1545833 0601466 1331394 0903784 0152618 2391557 0103759 1382628 1602152 0208089 2022267 2066997 1333294 0926348 2129038 0832325 0924848 1253025 2282334 2502077 1480493 2540824 2060149 1551105 2855738 1622421 1727320 0337735 2781567 1883772 0754269 0792310 0597208 0167583 
1126955 0996463 2099885 1688279 2026880 2946477 2219672 1627773 2174253 0503031 1860544 1797731 0350343 1513910 2190977 2306553 1907900 0280486 1118378 2105603 0024272 0920511 1452673 3250360 2987422 0967972 0357708 2237710 2486595 0955492 4603651 1751278 0844150 0569107 1772251 2512424 2141411 2329046 0588797 1799037 1466244 1321359 1369298 0067878 0767121 0076234 0218115 1425466 1568016 1697761 0641038 1936488 1363476 2966249 1523607 0323426 0423527 1989230 2187938 0642848 
2695396 1552808 3573085 0157393 1080559 2222568 1255320 1048206 1775040 1559048 2344317 3363295 1500354 2851052 1511926 0966471 0640151 0517720 1133112 0211108 2838646 2560521 2284278 2147463 1558258 2143027 1342365 2560444 1854726 1896133 1258481 2040885 2206036 1813428 1607066 0486026 2839347 1036789 0822162 3155347 0292338 0950431 0976951 2300771 2157311 1638045 0480248 1289337 1539013 0997823 0541881 1613890 2210135 0188353 2352016 0490045 1558234 0165013 1169023 1297925 
0252350 0201137 2731756 3116772 2520052 0908142 1788020 2446817 0227350 2224049 1313760 1272971 1447347 3146477 1115520 1593891 1280240 2293504 0807424 2207019 1546478 1430401 2097134 2556771 1570757 2915717 0670159 0773875 3172537 0785073 1151453 1378069 2992925 2960409 1631095 3060775 2293993 0940834 1327215 2752614 2235030 0713290 1104756 1482519 1011896 4155505 0199516 2318018 0997781 1227686 3956084 0660343 1635394 1528866 3254572 2424231 1742644 1796003 1481262 1271389 
2723129 3169179 0540128 0306403 0198328 0014170 1820792 0925654 1706964 2781210 0752843 0948270 2808907 1697083 0817430 2234785 1519760 3646132 0241125 0185307 1669426 2154194 1850456 2707631 1772099 1271710 0742703 1649288 0055475 0760629 1020386 2337452 2866904 2180890 1771312 1782273 1838175 1456313 1000921 1937778 2064443 0798330 1536382 1151329 3089542 0400560 1186714 1450172 1436367 2630192 2991803 2131670 0813232 2486308 1816050 1689913 4049826 0723009 1574214 1063728 
0944441 0152057 2688073 1892979 1579874 2066793 2135410 3181684 1007927 1178650 1537128 2223759 2905677 0516854 0017344 0710625 1394336 2954223 0532087 1995259 0858790 0265444 2449528 1308371 0345473 0969752 2455808 0278127 1736976 0969974 0286962 0940004 1837920 2401820 1075941 0946302 1014824 1647798 1367698 2932914 0308919 1355868 1741760 1751672 1491648 0047319 1764526 0902110 0058825 0731351 3292157 2738145 1806191 1947655 1605664 0720695 0394999 2447246 0109794 2072632 
0853013 1043712 0515214 0969208 0364830 0744500 1713638 2107837 0762779 0961641 3460336 0569030 1288902 1474943 2440710 0523444 1821103 0555107 1244783 0595162 2276769 0549803 1437276 1854042 0361858 2383478 1339600 0868219 0842884 1454749 1162033 1237637 2903053 0187673 1083140 3335164 3380010 2113265 0597436 0893019 1531195 1060461 2359498 0232921 0458894 1148403 2477194 0730255 0748039 1310126 1406495 1492821 1257481 1443325 1199319 2853710 0820380 2234638 1343323 0816153 
0924635 2128466 1026689 0888874 3221956 3180743 0715267 2138704 1861633 1554470 1708264 2492384 2488973 2423520 1844677 1327197 2582007 2926901 1562823 2682243 0870536 2082850 2259001 1426145 0891283 0349490 2475013 2073714 0296973 2683348 2070025 2295511 1769324 0724810 0591688 0797020 2150179 2146242 0327073 1997377 0105097 1271441 0184916 1329814 1252811 1198560 1893601 1769219 2486589 1563535 1417413 1910878 1640460 0189194 3901934 2397727 0828142 0362435 2418901 1993053 
1483005 3765001 0095170 1383061 1495927 0414642 1647089 1429402 0350758 2267344 0127889 2133878 2211695 1364319 1840850 0221196 2826209 2568897 0441507 1233237 0509097 2609631 0556332 1001104 1637294 1318395 0536902 2119520 2256111 2011352 0630362 2610298 2711078 1464373 2997227 1228844 0097696 1518410 1016815 2774863 3299915 2197827 1237107 0251236 2718841 0467196 1752142 0035348 2820822 1538129 0317214 2269997 2607243 2052101 0700323 2517518 1268812 0779265 0867403 1359547 
1187842 3435378 1016481 2485138 2283227 2359695 1300531 0746395 2269126 1177929 0972269 1170349 3184261 1356502 1305467 1405406 1267242 2305480 2184312 2685695 1856356 0744884 3536718 1437475 0385653 1206723 0459316 0849250 1301105 0805551 1392132 1665857 1511132 0215679 1624382 1804867 1281855 0983116 0862291 0604439 0419685 1363476 1794492 0654782 1010488 3154928 1126123 0912258 2972841 2318591 1113399 0469798 0296239 2727336 2083721 1093442 1780145 1714081 0488832 4225673 
2628785 2763826 1145304 0681295 1771832 1039058 0889816 1426194 1492975 1146379 1458006 2117909 0015149 1028767 2096701 0570959 1572887 0263755 2534219 1771597 0579168 1474190 1293373 3155610 2780484 1694077 0345772 0130945 1208291 1739737 2140606 2571471 2417862 2527332 0368452 1818923 0648044 2736124 1919224 0110164 2460091 2487662 1637024 0029515 0656514 1382644 2045117 2119659 0162136 1541392 2398650 2215383 1144935 2158602 1964477 0335340 3016767 1649304 1923676 3352457 
3680660 1992915 2127807 0262106 2157553 1815878 1912940 2182906 1584853 0960393 0404115 1943974 0258201 0928037 2775528 0905518 0798920 1518437 2259548 2595663 2282019 1004154 0659782 1012904 1019277 1183089 0232084 1036029 1590589 1970119 1023302 2022313 2689456 1461225 1047665 0957872 1472306 0897193 2824374 1813729 1754279 0448509 1130572 2105074 1259298 1748735 4439674 2895326 0645425 0377103 0884168 0015452 0820491 1494961 1581925 3245243 1950368 0478885 1394029 0958450 
1524018 1387366 1454869 0699138 2780684 1089101 0542638 2793387 3704714 2226860 3460667 2102460 2320989 3851360 3750714 1595595 2686294 2149296 1561666 1537193 0994346 2140165 1162477 1487340 0271154 2375416 1960746 0778827 0015237 1505540 1151212 2644478 4102784 0732743 0301798 2187903 2135812 2221719 1714043 3079405 1550630 1403284 3123343 0014608 1987747 3196639 1281597 1639575 1129556 0061127 2077250 3312121 1842889 1742144 1256732 0234138 0872702 1625425 1645062 2207237 
1065004 1273054 0970586 1722490 1270226 0639578 1723357 1229728 2381199 0544582 1764668 2725647 3411832 2446433 0159753 3158847 0479603 2088794 2186741 3202579 1893026 2212782 1146598 2503207 3156287 0908809 1683937 1738893 2433553 1496228 2259113 2998633 0512250 1658486 1385586 2223929 2893384 0407553 0129953 1558561 0545935 2970256 1274232 2898443 2390913 0355994 1628420 2362384 1312524 3760991 2443002 1036514 2237333 2351981 1548776 1880192 2083020 2903343 0581874 2837066 
1264502 1617021 3070040 0198733 2352403 1438007 2011715 0424015 0703018 0544759 0548374 0780303 2427166 2224810 1214509 1795933 0957083 2058011 0580424 3092743 1031094 1852420 0472713 2711799 2800641 2192273 1590411 1294511 3132582 2145665 0764100 2150719 2001002 2096121 1949076 1287264 2230943 3421282 1449695 3251660 2377097 1498970 2066618 1285544 2300553 0092354 2164865 0361398 2043298 1167956 1385010 1908977 1235202 2287866 3771158 1285278 3053904 0998603 0916782 0819226 
0052111 1592816 2271989 1607462 1032565 0445677 1479242 1251324 1522378 0101731 2617721 3179895 2710149 1920005 0977567 0406637 2306323 1024255 0694530 1363546 2618999 1456779 2581906 2631260 2544611 0949241 1186343 0980049 1762362 0080005 0174014 0446723 2855200 0723678 0619769 0992548 1340215 1412490 2529560 1124690 0526128 0814712 1404866 2866293 0467048 0064645 0838366 2300820 0361397 1629964 1063644 0832790 1258022 1628627 2192954 1729437 2069824 0009248 2612769 1605896 
2511366 3861085 1892562 2620701 1174983 0461148 1150588 1267470 1810337 1339220 1880144 0721828 0490914 1582618 0065149 0212603 2026245 0531930 2379677 1566534 0434833 2581559 2079245 2048006 2418231 0721972 0999422 2160574 0258846 0579217 0232986 0333530 0185523 1967440 1342661 1876600 1396088 1199219 0860485 2112574 0612141 2889447 0953785 1287414 1886020 2236052 0497615 1828626 3044538 2805009 2974234 1320386 1948859 1418253 0133598 1358853 0026971 2906548 0917972 1129365 
1832552 1061434 0948771 1420010 0005378 1181096 3267395 2519922 0725003 0320795 0478338 2676273 0060597 1506300 1867015 0474364 1705271 0370393 2222610 3890667 0636362 1102155 2953062 0989731 3251448 1573640 1801316 2462679 3564712 0349724 0490149 0985929 1655647 2143221 2250706 0812903 0043707 3535999 1831853 1518058 0568056 5022568 1834524 1083310 1015578 3036554 1362178 0689185 0786194 1821038 0209384 0402447 0924784 3515563 1401659 1546638 1437378 2122463 1443644 1668090 
1050081 2087690 0226368 1891945 1643385 1095643 0826161 1613484 2040669 0133609 0554336 1381345 1772718 1662478 1637052 2819520 2576644 1688839 2309325 2270016 1028377 1467022 1395415 0626347 2480537 1262395 2704870 0474401 1647417 2810130 2490080 1980088 0115624 2027427 1083900 2650861 3906765 1637382 3674022 0045120 1591015 0421221 0597767 1310322 2266529 2286680 1636384 1442571 2629868 2812123 1119056 3529865 0569940 1732786 3669017 0175972 2028903 1363575 3001688 1185649 
2378881 3435816 0803411 0622318 0661687 1359643 1241763 0767226 2045309 2407291 1631489 2250034 2232711 1498921 1265846 2310471 1286408 2306424 1972103 1164586 1082606 2770948 1968168 0952094 1177566 0571735 1193556 1898806 0888326 0049182 2792138 0578750 1022293 2281014 3697264 2469569 1857096 2070252 2466381 2869665 1334934 2178634 1581614 1312390 1686536 2118374 0817219 1018727 0662311 4564924 0124139 1219073 0429677 2084488 0898764 1256611 1341612 1481047 1515594 0824515 
2407492 1314087 1331416 0816115 1129088 0943131 0492006 1818030 1802035 1514913 1832653 1415478 2653146 1258029 1506354 0376199 0389010 0691517 2775806 1864588 1453446 2769777 3033982 0132214 0295109 3371189 2247760 1666802 1171492 1830971 1154995 0146012 1597507 0389159 1405637 0895055 2052837 1328439 2098786 1205876 2360459 2194132 0067871 1635075 2421710 2342451 0641354 1116886 1444368 1343278 0763661 0845380 2125930 1916448 0234192 0271528 0647253 1505951 1001095 1212143 
0549326 1018912 0454931 0825075 0727033 3551701 3383274 3233577 1715238 3155787 0929766 0972256 2901181 0678301 2287270 0814811 0642620 1632430 1062935 2945172 3449314 3327900 0260216 2160888 0060716 1920815 2147638 1150980 1554961 1965702 2210369 0835521 1940111 2915831 2916799 1846330 1747039 0686559 1311652 0404336 1407169 3159164 0179032 1527053 2434958 3006466 0739142 0319493 2754529 0358801 2270189 1490486 0985066 0503179 2555524 2004163 3046392 1142517 1620840 0357400 
0386484 1832315 0132307 1340965 3665699 1249549 2325676 1382401 3933764 1300434 1539110 1916347 1954773 0593077 2403779 3207473 2476596 1754672 1578187 2289535 1656090 0721965 2532139 1411600 3383819 1311613 1407429 0317715 2589123 1570830 1977753 2474102 0381659 1909744 0681352 0820557 1211834 1993391 0543804 0905004 1150198 1197303 1558286 1543722 1609110 2901965 2800261 1667671 0649487 1421531 2537133 0973041 2075653 2945016 1675218 1362768 1115158 1240637 0502079 1831569 
1724575 0435018 1405790 0881105 0095620 1006591 2263784 0976030 2239879 0398019 1666228 1146472 1521933 3000775 1499167 1827825 1204220 1424368 1499491 0622554 1610309 2811473 0402272 1824437 1623869 1174333 1774094 1926820 0993741 1240809 0176211 1725084 3278528 2667665 0967010 2636445 1550525 2054116 1684883 1755635 1092907 0645483 1263635 2620640 0045647 1681929 3342714 1891896 0420586 1754607 3378273 3402622 2188869 1295198 1607106 2667621 0354118 3078340 3349842 1284872 
1726909 0471518 0851784 1656038 1060647 3627990 1033950 0322627 1371781 0781444 3508316 0570739 1742943 0879963 2772364 0972746 1565627 0203922 2696118 2095552 1288249 2308490 0053328 1327939 1179800 1611452 2211109 2527851 1848577 0156257 0557263 1310035 0621096 2428219 0925876 0138325 1917745 1167228 2207514 1841823 2151587 1025598 1263235 2450854 2039397 2748379 0252809 1786634 1668314 2685601 2268905 2148663 1680789 1949934 1086744 0219478 0809337 0091332 1231008 0795579 
1418298 1456367 1819755 3272183 2893942 1633307 3033860 2383025 1329497 1229980 0142335 2646880 3659455 0958193 0699943 1224356 2001624 1243245 0220190 0394265 0196654 1322558 0116938 1921932 1876707 2507196 1022582 1700461 0885031 2620239 1615022 0422480 0619946 2483243 1869056 1280845 0072447 0137379 1405136 2781436 0295028 1004894 2832737 2866643 1277866 2446735 0018588 0348783 0844445 1950967 1441984 1978005 2353737 2416241 0985460 0563618 1206296 0709301 0261795 2909352 
1863889 0511465 2332145 1785419 3404581 2407689 2734586 1309617 1953846 0418552 1868096 1395835 2145707 0049731 1317044 0752498 0895690 1328896 0445768 2202424 2769063 0828716 3072592 1386867 0274769 0353669 0102534 1349101 1914497 1599719 2060462 2214583 0840535 2434874 3134194 1177506 2536099 0703857 1283365 2794368 1007939 0947518 0681259 1971225 1913080 0408830 1992104 1935141 0298931 1717311 1761216 2230777 2135219 0537995 2994748 1171707 3326375 1976748 1855452 0099149 
1499012 1730311 1733038 1577187 0558170 3554443 0567295 1833319 2057571 1899789 1034576 1787894 2611888 2157352 0101060 2843850 1693657 4389702 1117317 1011306 3818891 1755098 1092899 2987592 1542240 1281283 0307484 0822158 2793439 3590839 1891926 2594994 1842403 1663351 3032620 1683150 3574822 2191285 2268114 1863904 1086173 1378410 1967410 2043796 2522684 1721525 2634103 2916053 1797046 2579918 2191555 1742301 0422580 0980813 1894681 2163279 1714047 1628597 1872161 2628860 
1261333 1414197 1260212 2870294 0879803 1918377 2704926 0459894 1257539 1465194 0192778 2412556 1546564 2376226 1659118 2227489 0715721 0068911 2510191 1499774 1715325 1415341 2172487 2394978 2477699 3087751 2460799 1086349 2734012 3388375 3978877 1803011 2608408 1115822 2358015 0557778 1550855 1604873 1299410 0414228 2422252 0387863 2250320 2083635 1846238 2400389 2298024 3503062 2343044 2531739 2056104 0925155 1466750 0868581 1982955 1247732 2106435 0635612 2101281 1210720 
2061367 3682759 2754771 1750537 1116850 1010194 2965040 0783213 0767056 2391685 2239139 1223008 0703093 1988172 0658757 2116885 1511695 0395072 0778350 0522874 1848826 1719409 1712293 2054665 3316082 1141537 0076754 1531641 0310941 0841689 1534230 0903149 0962202 0289616 2416928 2043548 0049064 1404469 0638956 1094524 3044575 0459932 1686883 2770010 1753379 3700550 0259010 1937099 3483990 1319782 2895342 0726933 1783356 2177276 1508624 1169084 2419743 1207654 1561748 2205903 
1341380 2471241 1787248 1465968 0241859 1057985 1949837 1705865 1743874 1541859 0806738 2618398 1537398 3106119 0655067 1136286 0165403 0482608 2432556 0433874 0711626 2050236 1084529 1978567 1855479 1989809 1275228 2928656 2325586 3424945 0862754 0788766 1002280 0496247 1989554 1338773 0926777 1448768 1819026 1478515 0218154 0601101 1666211 2540152 2061537 1327738 2484290 1343438 1689949 0654497 1499959 3016297 0952758 3370166 1199870 0699971 2018488 2386571 1977350 2288217 
1101448 0710462 3198307 1718218 2239186 1109850 0321571 0770306 0283283 0172833 0116596 1183576 3215499 1296484 1316335 0950319 1852073 2852498 1333861 0534859 4629091 0358135 3010589 2124692 2998824 1737120 0781026 0034823 2355162 1159999 0596726 0531149 3507916 2322531 0943330 0672785 2371207 1828117 0040997 2523353 0417696 1754826 1664875 2763422 1761644 0904348 1347908 1353640 1174346 0432815 1879804 0479690 2211285 2367232 2221197 1665180 1879843 1667438 0594224 1015379 
0373254 1814696 1501956 2781548 3230266 2622137 2070206 1866979 0589482 2246037 0902977 0639346 0982353 2243241 1571619 2243189 0375271 2479950 3347478 1193351 0409470 1032798 1596238 2355147 2244151 1108133 2289585 1929948 1160915 1420745 0612802 1795085 1882046 1698798 0416712 2308142 0625337 2621603 0592210 1773553 3508160 0798636 3034786 0642794 1558755 2234329 1665138 2364469 2654449 2031104 0954970 0835584 3015370 1178436 0146259 2927459 2147326 1782491 0671473 1878750 
2604606 2327509 0255760 1561450 1002395 1098518 1618896 2233804 1873775 0750564 0065212 2960494 1947584 3078629 0125752 0206025 0515989 1508945 0306772 1858559 1723393 1999674 1968428 2668690 1677996 2228083 1742917 0177434 2106389 1470533 2759863 0936986 0309220 1573943 2093899 0581787 0847170 1270084 0395956 1229750 0920132 2432148 0346445 1418717 0827802 2857551 2581622 3578378 0964312 2049141 1863779 1534617 0863172 2674068 0958292 1612069 0092056 1891751 0959994 2451548 
0507909 1911854 2882841 1782336 2162956 0920678 1779985 2343453 1436173 1253885 1110545 2386474 3006726 0305018 1561404 0285489 0594979 2317960 0487162 0674239 2914576 0856908 1869000 0890060 2019377 0681210 1801797 1202102 2220076 0071743 2352976 2336053 1610606 1985388 1657973 0664469 1790898 2661179 0156762 0335006 2199225 1341553 0981642 1221561 0148625 2515421 0653523 1443742 0102794 0465447 1945766 0570932 1707695 1638226 1563357 1143976 2224046 0861876 0572475 1921619 
1657068 0702765 2651834 0867825 3211535 2514628 0662135 1681170 0550915 0473015 1858944 2071888 1211782 2415442 0612837 1069188 1153549 1988185 0672891 1492120 1969650 1966699 2476834 2121983 2934742 0817776 0693384 2326447 2407516 1605935 1433829 3188528 0416055 1235377 1878350 1589099 2025153 2422599 1103004 0575250 2775377 2326889 1341141 2182189 2754577 2390015 0200523 0334595 1926802 0633474 1218603 2355236 0052111 1817578 0607935 1017615 1989449 2016116 1582325 3219675 
0866109 1726376 0058265 0600274 0731151 2722178 2957182 1704305 1743972 3624616 2709281 1746522 2519947 2898515 1651130 2223517 0453182 3845361 1235146 0584967 0053416 1731120 3091511 1059597 1144843 2461727 1088911 0425089 1417424 0598336 2728348 0642517 0782725 1212271 1867012 2327056 1451790 1147391 3859564 2139929 2635719 0987164 1317134 1033085 2428708 0936016 0391842 0406996 4718347 0668776 3782568 0716661 1413282 1808112 1658525 1586315 0660219 1541028 0060887 2178966 
1038026 0313884 0671836 1289989 1104921 2421957 1853078 0984192 1931523 3414749 0454069 0986971 0537277 2091533 1909454 1397231 0547458 1130357 2570327 0454172 1204508 1568747 2347862 1372870 1759435 2254907 1921272 1744853 1703584 2605821 2172784 2616021 0069000 1719979 0042886 0215929 0180590 0203008 0965716 1326084 1424002 1305432 1660821 1280918 1916950 0634130 0897145 3495884 0465814 2832650 2030594 0810600 1879859 0260374 0841862 2167724 2576093 2108998 2578936 0603316 
4246123 2162593 2226868 2519320 2635992 0958616 2044749 0669570 2681182 1458147 1889851 1261797 0692271 1938830 1244372 1976661 0195110 1377611 0351111 1911483 2361154 0224574 0604844 1774405 0466891 2036535 2175907 3172254 2570246 0501144 0971888 0361023 1489305 0735949 1407070 1420847 1948811 1827442 1285385 2038003 0090497 2043770 1094082 1821370 1973237 3066248 0077503 1312130 1844328 1461348 0535447 0445937 1247137 2763973 2295752 2095580 2177036 1323812 0669006 1948228 
2988588 3092074 1681612 2869883 1667816 1449012 2133587 0217615 0285923 2082795 0455723 0625577 0634895 2615475 1788453 3017436 3773688 0610031 0295016 2656426 2108576 1497344 0590038 2905025 1427522 2620247 0455460 2538997 0364077 1456268 2445413 3122875 2211484 1956372 3196674 1438577 2870516 1681658 0424173 0173255 2048847 1262110 1666335 2232661 1177036 1898064 1531765 2055294 0602103 4085342 1744197 0522813 1419251 0786765 0919119 2282609 1334542 1794749 1678422 1500594 
1756971 2543277 3261875 1452816 1453161 2912105 2763669 1049067 1479021 1912380 1131286 0683318 0170388 0783528 2181980 1216264 2079746 1553262 2988352 0155752 0994861 1392034 1824913 3178865 1246925 0562774 0616136 3225460 0569636 1253714 1514012 0509674 2164191 1020346 1770943 2620249 0050758 0166828 4012386 2359326 2332035 2449554 0419638 1014114 0643936 0577987 2367841 1950071 1668013 1135062 1421933 0647365 0634585 0407187 2016911 1468938 2489361 0992256 1948885 1808369 
1584737 1841151 1259597 0732068 1857638 0180447 2871584 2357958 2327129 0099401 2869051 2438835 1024592 1197306 0981356 2085970 2241279 2201917 3504815 1062582 1095972 0315668 0810375 2501479 2376830 0208567 0533997 1339247 3437300 1890495 2212746 2772728 1182409 2563527 0434951 0290844 2467112 1981869 2003042 2328865 0651879 0299139 0483667 1712495 2212063 1381778 1078769 0026494 2456499 1249595 3012299 2518883 1630451 2554600 1526301 0403963 1770875 1471097 0457929 0691144 
1560601 1394721 0926023 2171242 2485368 0259498 1478536 1391187 2773375 1498068 1242738 1959782 0556505 0943281 2229333 0646564 3247121 0201001 2793603 0789927 3415150 1402208 0205302 2031995 0818375 2914405 2150650 0811145 1574324 0817106 1611938 1638637 2231138 1802157 3193891 0034284 0977728 1240378 1616625 1816057 3007972 1892351 0307177 1794109 1195759 0442720 3346144 2653808 3665267 1953176 0165378 0349097 1353390 1380628 1806396 2628642 3029294 0949600 1952373 1027303 
1372111 1758313 2471772 2377665 1908960 2008460 3795558 1837267 1829718 2100925 0644941 0868876 0240608 1306212 0143040 1223877 0852248 2501823 2069132 1993754 1664925 2226679 0778868 2788962 1619728 1793456 0942816 0904168 1884381 2170096 1981266 2718615 1568405 1952864 0909250 0023801 0590228 2586946 3113294 1400435 1328946 2014452 2269559 1682119 0516699 0638230 0875930 1687733 2449239 1447220 2098714 0945062 0346779 0506262 1281185 0159584 1571141 1632114 1494366 1705909 
0707266 1751521 2711269 0494473 1410718 2451088 0205226 0147361 0691404 3772931 1750006 3566499 1363277 3109844 1697534 2037689 0809759 1551186 1222148 1147639 0491089 1187676 1573841 0657234 1537280 0879750 2273951 0129378 1168225 0285826 1912132 1618429 0590342 1686675 2004077 0094928 1245139 1668370 3141388 2648691 2247195 0820628 0198522 1485959 1194798 0253646 3235434 1648169 1562201 0796390 0561080 1189530 1664865 0653652 1189215 1550418 1541426 0326163 2121082 1002828 
0793861 0336659 0657786 3245409 2744977 0923437 0108595 1895662 2636264 1149783 1172515 1115328 2664558 1794101 2232176 0133079 2453414 1137377 0048746 0883958 2685002 1508746 1679122 1000322 2509500 0618652 0755258 1132476 0380606 2079272 1532253 2141792 1482849 1186784 1993949 0592472 0128686 1237352 2194752 3311510 1108642 0836134 1872656 1701406 4156188 1844524 0502406 0059273 1277227 0590428 1019720 1586188 0225168 0641465 0825713 1906842 0143027 2651676 0752862 0876456 
1301035 0187128 1265938 0407866 1065023 0129219 2413182 1053799 1702937 2491776 1160998 1328893 1761464 2426247 2497778 0826285 2060143 2151403 0865732 1665689 0467404 1231323 2003432 1874894 2968732 1689911 0975776 0902314 2355313 0801510 0562372 1526046 1545081 0441335 1403579 0349268 1424909 0830115 4146371 0056554 1919366 2767034 2874476 0520143 1665728 0103069 2290511 2772310 1796182 0687012 3501459 2028020 3020417 2971769 2117814 0064787 0326134 0980434 1738354 2023820 
0909472 1058069 0438933 0901704 2425424 1449537 3123217 0372054 1887349 0362046 1227805 0431298 2481858 1058193 2029947 0037837 1632404 0261793 0954542 2099688 2314833 1094707 0969873 1150006 0175413 3445799 0555008 1355248 1642498 2185590 0224545 0431377 1218838 3353223 0501263 1226285 0967734 1620366 1704448 0273321 0348939 1462368 1625335 1049284 0844016 3076417 0540871 0978238 1490333 2308365 0901543 3782811 3148440 0615789 2917682 1426107 2022060 0076479 1778715 1330333 
2088651 0019775 0876651 1910010 0330362 2002471 0871838 0815370 0110716 2516212 0057473 0811169 3351215 2212387 1222351 1096699 1263172 1211673 1536884 1985379 2471005 0487538 2023690 1723078 2952718 1136434 3321264 1593533 0917895 0014584 1643012 0367438 0189151 0324798 2234333 0228325 1910522 0245749 1172137 1847694 0833641 2542414 2389353 0097731 0686684 0435152 0051569 3840042 0364251 0079414 2504835 0103504 0817304 0180808 2427073 1315929 1519215 1213390 1306416 2049185 
0770529 0214629 0340207 2142683 1965685 2192340 1537618 3225037 1565223 2196797 2394412 0570608 1880401 1577094 1328107 3002327 0703812 1474006 1461255 2377191 1877580 0461543 0477326 1973437 1409270 1327331 1284055 0827438 3559335 1310185 0706560 2157654 2403425 1365912 0799344 2134825 1357295 0641921 1249532 0141642 1445305 1734365 2504368 0926889 2012841 1113627 1879990 1545622 2250876 1773333 0747184 2680283 0238881 1579564 1902609 2300455 1593384 0884577 2570208 0816792 
2680023 0547827 0458526 2270633 2298842 2175469 0191518 2503859 0171016 2072446 4493975 2461047 1139866 2238500 2020279 2019812 2502274 0451893 1370320 3247614 0908013 3435993 2345257 2520261 0914949 2785797 2640673 0898805 1622199 3194371 1373822 2521144 0411549 1850444 0023479 1348083 1940314 2415809 2945620 1484942 1074877 0735017 0511102 1344229 1527651 2146676 0488504 1056503 1181309 1325952 0363508 2026724 2456845 1306568 2189454 1946983 2166133 0354853 1728061 0003108 
0106414 0611474 1608474 0596426 1065938 1933240 2663217 1491385 1806421 1776674 2619829 2917777 2315002 2114229 0304611 0098338 1679942 1430861 1275533 3405989 1072447 0908270 1242374 0387891 2104824 1560100 0820074 1910406 0559825 1736170 0295803 0614428 1609603 2529250 2124168 1967418 1637154 0095472 3327016 3034692 1197600 1049959 0900937 1919926 3080721 1421108 0281438 0673427 0552585 0955172 0806473 1226294 2308029 1585570 0121148 1243244 2618871 3828305 0530453 0091917 
1655584 1589936 3547407 1983274 1882698 0773735 1750866 0337022 3348854 1058098 1590090 3920363 2631722 0064260 1183684 0813277 2496329 0844084 0139766 0767446 2348711 0146205 0480604 0489407 0814795 0438533 0718632 1551891 2417346 1380001 0534200 1316075 0542389 0833570 2492378 1732791 1147380 2540387 1334990 1355719 1941606 1990871 2377209 1848306 0181731 1975093 1623247 1606416 2493063 1967808 1925754 2179476 1135921 0111848 0903774 1567082 2302499 0786822 1724202 1458759 
0306073 0726603 0782874 1432558 3013342 2394904 0287774 2896797 2668617 2362384 2508961 4454865 3308570 3599446 1087281 0492887 4779298 0433026 2622254 1966607 0397606 2600794 2378906 1555778 1778698 2418161 0100773 1329231 0941037 1297561 2103707 0925686 2267499 0361707 0022155 0710739 0917411 0971507 1634786 1094576 2235551 2905297 0549938 1930632 3376940 0217249 0932185 0340004 1603188 0755906 0414277 2612561 0670188 0943136 1744871 3276473 3456395 1753957 2168024 2082082 
1604157 1630998 1659863 1590719 0660767 0847217 0496454 0990608 1672832 1656921 1671655 2532759 1344058 2582821 0467421 0343000 2091915 0778667 0374355 1879565 1094298 1836466 0843274 0750187 0412403 2576954 0427822 2309518 1383652 4378808 2117821 2575764 1811456 1992176 2721582 2725226 0686407 0981655 1927675 1729346 1305168 2180842 1921851 0137802 2245394 1526124 0917477 2270805 2241150 1625420 1977606 1285864 2252181 1244720 1221922 1732485 0540172 2696553 2826278 1623093 
1697017 1588447 1209712 3220261 0170572 0511079 2544700 0415740 1975082 1299036 0590828 2594267 2499807 1975710 1312080 1876238 1940312 1662378 1583505 2852398 2119610 1255341 2583998 2252302 0264763 1678085 0265025 1647282 3902919 1452133 1174217 1233290 0710145 1610109 0951125 2516197 1389729 0490882 2121634 3722692 0183026 0871686 1217933 3547519 1225183 1498081 2372016 2364577 0105627 1829282 1759894 2980779 0512349 2963574 1506103 1058116 1885415 0793489 1974687 1987162 
0639870 2073545 1806939 2777488 0458524 1169354 1371167 2007089 0545117 0763093 3443849 0789578 2995150 1032498 1981965 0222044 0251603 0293683 0801256 3844058 0107952 0104235 1663895 1353154 2244834 1241691 2797780 1506143 2308427 2898413 0873004 3206313 0268552 0550361 1937064 1136610 1700104 3256077 1921459 2069648 3142038 1213452 0800445 0743138 3883466 1491345 1886530 1332480 4190649 0446482 3902817 0196018 1702925 3058928 1009472 2142337 1286624 2433487 1190960 1218288 
2216330 2815467 2470989 1576138 3015094 3760894 0823452 0261714 1316963 1079955 4490941 2926482 0244747 1169404 2502177 0473634 2136952 1154219 0362871 2226238 0563621 1247553 1103792 1006198 0757917 1456097 1733494 1115319 2138432 0402169 1632232 2964912 1280632 1582043 1790204 2143412 1473043 3027364 0890080 1270424 1752453 0352943 3595424 1769406 1611152 2626566 2605869 0101897 1953004 2330976 1104603 4701042 1151506 3275106 0675517 3075763 1074042 1202823 0039842 1366095 
2184935 1520431 2070080 1463374 0478879 1315732 1450960 0756657 2858946 1654512 1038154 0971266 1618072 0005973 0923628 2179752 2614881 1660227 0660536 0316251 0821254 1372856 2315076 0132209 0965251 0593202 2365629 1748485 1628516 4281920 0737611 1365541 0480846 0063817 1662184 1991093 1854483 0896361 1757579 2877356 1756315 3707220 1707885 2014939 2473888 2350766 1181633 1945788 1804616 3713517 2379296 1590490 1546403 1707794 0169299 1261437 0228065 1872848 1481011 0806665 
2663077 1418217 1746871 2689628 1558886 1301429 1185054 3510248 0328082 1929291 0497754 0088694 1506676 1924857 0657687 2490119 1519745 1866350 1316266 3030111 2042688 2249661 2072049 0289121 1814434 1832013 2628416 0166099 0361208 0950580 1633593 2080291 1276842 1404269 4190705 1184036 0302381 0791033 0704321 2889800 1864539 2112680 1746635 0460617 2329427 1123290 2083122 1276428 1877620 1626170 0758724 1194816 0852131 0612370 0501780 1237193 0900801 1484002 1790716 0025775 
2532121 2184707 1866698 1252186 0835897 0485210 2140096 1984399 0419681 1170645 0284700 3545026 0773354 1166193 1401690 0729993 3575045 1973349 0441607 0894098 1930901 1359674 2574134 1446153 0149091 1821817 1038292 3107212 1634199 0788168 0604258 0585792 0692546 0701213 0776871 1169317 0712359 0838175 2416712 1577613 0401240 0546442 0244579 0125782 1151349 1386947 1273012 1156631 0327645 0946908 0784446 1638906 0841461 0197928 2847790 1573177 1887662 2668631 1261099 1262053 
2146612 0196760 3551502 0884545 1742581 1931120 2070450 2465269 0649426 0191871 0569764 2348781 0807123 0071340 2344932 1699032 1462667 3115312 3661996 1288064 0444504 1235437 2655389 1280650 3012585 0682307 1643168 0831604 0394271 1325426 1654508 1961647 0529538 0841831 1869013 1347766 1846094 4282611 1452946 0983183 0640367 1399898 0740274 1980446 1124295 1835156 1118547 1509612 1418238 1768725 0753628 3869848 1139443 0574483 2458597 1710728 0147143 0155973 2571689 1809380 
3163035 2099192 3153036 3083715 2438283 2629458 2242815 1943673 2961080 2388541 2235395 0659827 1396672 0654278 1688959 1450929 1672544 3190818 2458499 1309761 2488297 1837603 0869168 0459367 2062630 0054774 2307825 1257772 1154265 0417554 2831160 0147726 1192066 1985004 0344905 1882257 0082319 1676716 2197738 0739786 1376602 0587424 1287758 1116891 2809534 2202551 4137058 1077077 0273810 0748787 0894920 3352560 0277450 0964704 2130797 1041276 0643625 1199222 1927478 2963641 
1697115 2076507 1673073 0639153 2008856 2729899 1178172 0291620 1380176 1828616 0799961 2168181 1720560 1782809 3436521 0208650 1791687 0796865 0737119 0972388 0888134 1624818 2040464 1403511 0981996 2110849 0686069 2601488 1235079 0323251 1374635 0431343 3879189 2034568 0348070 2359347 1046331 2007547 0888437 1682429 0840796 1905980 2364128 3378274 1523123 0608793 1765670 2654649 0289017 1208584 0107666 0115992 1172277 2039171 2737027 2000518 2417055 1452853 2176165 0787896 
