#1
010
010
011
110
111
100
100
110
111
110
010
011
011
111
110
010
#2
010
010
011
001
001
110
110
001
001
001
000
001
001
011
010
010
#3
010
010
011
001
001
100
101
001
001
001
010
011
011
100
101
011
#4
011
011
010
001
001
110
110
001
001
001
001
000
000
010
010
010
#5
010
010
011
100
111
100
100
100
111
110
010
010
010
001
001
001
#6
001
001
000
001
111
000
100
001
111
111
111
011
011
011
011
111
#7
111
111
111
000
011
010
000
000
011
011
100
111
111
111
111
001
#8
001
001
000
001
101
000
110
001
101
101
111
001
001
111
110
110
#9
110
110
110
011
011
000
000
011
011
011
111
111
111
111
110
110
#10
110
110
110
011
011
100
100
011
011
010
011
011
011
011
010
110
#11
110
110
111
011
101
111
111
011
101
101
000
000
000
100
100
110
#12
110
110
110
100
100
000
000
100
100
100
110
110
110
000
001
001
#13
001
001
001
100
110
011
000
100
110
111
100
111
111
011
011
011
#14
011
011
010
001
111
100
110
001
111
111
011
001
001
111
110
110
#15
110
110
110
001
111
000
100
001
111
111
111
010
010
100
100
100
#16
100
100
101
111
111
010
010
111
111
111
100
101
101
101
100
010
#17
010
010
011
001
001
111
111
001
001
000
000
001
001
111
110
100
#18
100
100
101
011
011
000
000
011
011
011
110
111
111
001
000
110
#19
110
110
111
011
011
110
110
011
011
011
000
001
001
101
100
110
#20
110
110
111
001
011
100
000
001
011
011
011
111
111
011
011
011
#21
011
011
011
011
011
100
100
011
011
011
011
010
010
100
100
010
#22
010
010
010
011
011
000
000
011
011
011
111
111
111
011
010
010
#23
010
010
011
000
110
111
101
000
110
110
000
010
010
100
100
010
#24
010
010
011
110
111
111
111
110
111
111
000
001
001
011
010
010
#25
010
010
011
000
000
110
110
000
000
000
000
001
001
001
000
100
#26
100
100
100
011
111
100
100
011
111
111
011
011
011
111
110
110
#27
110
110
111
111
111
110
111
111
111
111
001
001
001
110
110
010
#28
010
010
010
100
001
010
001
100
001
001
100
110
110
010
010
010
#29
010
010
011
001
001
000
000
001
001
001
111
111
111
011
010
110
#30
110
110
110
000
101
011
100
000
101
101
100
011
011
011
010
010
#31
010
010
011
100
010
011
010
100
010
011
100
100
100
011
011
011
#32
011
011
010
000
111
101
111
000
111
111
011
001
001
010
010
010
#33
010
010
011
100
011
011
000
100
011
011
100
111
111
001
001
001
#34
001
001
000
111
111
100
100
111
111
111
011
011
011
011
010
010
#35
010
010
011
000
000
111
111
000
000
001
000
000
000
110
111
011
#36
011
011
010
011
011
000
000
011
011
011
111
111
111
011
010
010
#37
010
010
011
110
110
011
011
110
110
111
100
101
101
011
011
011
#38
011
011
010
001
101
110
110
001
101
101
000
001
001
101
100
100
#39
100
100
101
111
111
011
111
111
111
110
101
001
001
010
010
010
#40
010
010
011
001
001
010
010
001
001
001
100
100
100
110
111
011
#41
011
011
010
001
101
010
110
001
101
101
100
000
000
000
000
100
#42
100
100
100
011
011
100
100
011
011
011
011
011
011
111
110
110
#43
110
110
111
011
011
000
000
011
011
011
110
110
110
010
010
110
#44
110
110
110
011
111
100
110
011
111
111
011
001
001
111
110
110
#45
110
110
110
011
111
110
110
011
111
111
001
001
001
111
110
110
#46
110
110
111
100
100
111
111
100
100
100
000
001
001
011
011
001
#47
001
001
001
000
000
000
000
000
000
000
110
111
111
011
010
010
#48
010
010
010
000
000
100
100
000
000
000
011
010
010
000
001
001
#49
001
001
000
001
111
100
110
001
111
111
011
001
001
011
010
010
#50
010
010
011
111
110
101
101
111
110
110
011
010
010
100
101
011
#51
011
011
011
110
110
101
101
110
110
110
010
010
010
010
010
010
#52
010
010
011
110
111
010
011
110
111
111
100
100
100
010
010
010
#53
010
010
011
001
001
000
000
001
001
001
110
110
110
010
010
110
#54
110
110
111
000
011
011
001
000
011
011
100
111
111
011
011
101
#55
101
101
101
100
101
100
100
100
101
100
011
010
010
000
001
011
#56
011
011
011
000
000
000
000
000
000
000
110
111
111
111
111
101
#57
101
101
101
000
011
011
011
000
011
011
100
101
101
011
011
101
#58
101
101
101
011
001
100
010
011
001
001
011
101
101
111
110
010
#59
010
010
011
001
001
111
111
001
001
001
000
001
001
111
110
110
#60
110
110
111
000
110
111
111
000
110
110
000
001
001
001
000
000
#61
000
000
001
001
111
100
000
001
111
111
011
111
111
011
010
010
#62
010
010
011
100
111
100
111
100
111
111
011
000
000
000
000
000
#63
000
000
000
001
111
100
100
001
111
111
011
010
010
000
001
011
#64
011
011
010
111
111
100
100
111
111
111
011
011
011
011
011
011
#65
011
011
011
001
111
100
100
001
111
111
011
011
011
111
111
011
#66
011
011
010
001
111
100
110
001
111
111
011
001
001
111
110
110
#67
110
110
111
011
101
101
101
011
101
101
011
010
010
100
101
011
#68
011
011
011
001
010
100
101
001
010
010
011
010
010
010
011
011
#69
011
011
010
110
111
100
101
110
111
111
011
011
011
010
011
011
#70
011
011
011
001
001
100
100
001
001
001
010
010
010
110
111
011
#71
011
011
010
001
111
110
100
001
111
111
001
010
010
000
000
100
#72
100
100
100
100
101
100
100
100
101
100
011
011
011
011
010
010
#73
010
010
010
110
111
100
101
110
111
111
011
011
011
010
010
010
#74
010
010
010
011
111
100
100
011
111
111
011
011
011
111
110
110
#75
110
110
111
000
110
100
100
000
110
110
011
010
010
110
111
011
#76
011
011
011
000
000
111
111
000
000
000
000
000
000
110
111
101
#77
101
101
101
000
111
011
100
000
111
111
100
010
010
111
111
101
#78
101
101
101
000
110
111
111
000
110
110
000
001
001
011
010
000
#79
000
000
001
000
011
100
001
000
011
011
011
110
110
000
001
001
#80
001
001
000
001
011
100
100
001
011
010
011
011
011
111
110
010
#81
010
010
011
000
110
111
000
000
110
110
000
111
111
011
011
011
#82
011
011
011
000
011
111
111
000
011
011
000
001
001
011
011
001
#83
001
001
001
001
111
100
110
001
111
111
011
001
001
101
100
110
#84
110
110
110
000
000
100
100
000
000
000
011
010
010
000
000
100
#85
100
100
101
011
011
111
111
011
011
010
000
000
000
000
000
010
#86
010
010
011
001
001
111
111
001
001
001
000
001
001
001
000
110
#87
110
110
110
000
001
000
000
000
001
001
111
110
110
110
111
101
#88
101
101
100
001
111
100
100
001
111
111
011
011
011
111
111
111
#89
111
111
111
001
001
100
100
001
001
001
011
011
011
111
111
101
#90
101
101
100
110
110
100
100
110
110
110
011
010
010
010
011
011
#91
011
011
010
000
111
110
100
000
111
110
001
010
010
010
010
010
#92
010
010
010
011
011
000
000
011
011
011
111
111
111
101
100
110
#93
110
110
111
001
010
000
001
001
010
010
111
111
111
110
111
011
#94
011
011
010
011
011
100
100
011
011
011
011
011
011
111
110
010
#95
010
010
010
110
110
100
100
110
110
110
011
010
010
010
011
011
#96
011
011
011
001
111
000
000
001
111
111
110
111
111
001
000
100
#97
100
100
101
001
110
100
101
001
110
110
011
011
011
110
111
011
#98
011
011
010
100
100
101
101
100
100
100
010
010
010
010
011
011
#99
011
011
011
100
011
011
010
100
011
011
100
101
101
001
001
001
#100
001
001
001
110
110
011
001
110
110
111
100
111
111
010
011
011
#101
011
011
011
100
100
101
101
100
100
100
010
011
011
001
001
001
#102
001
001
001
111
011
101
101
111
011
010
010
010
010
100
100
010
#103
010
010
011
001
001
111
111
001
001
001
000
000
000
000
000
110
#104
110
110
111
100
101
111
110
100
101
101
000
000
000
001
001
001
#105
001
001
000
001
001
100
100
001
001
001
011
011
011
001
001
011
#106
011
011
010
011
011
100
100
011
011
011
011
011
011
101
100
010
#107
010
010
010
001
001
100
100
001
001
001
011
011
011
111
110
010
#108
010
010
010
001
111
100
100
001
111
111
011
011
011
111
111
011
#109
011
011
010
001
001
000
000
001
001
001
111
110
110
100
101
111
#110
111
111
110
000
100
101
101
000
100
100
010
010
010
010
010
010
#111
010
010
011
100
101
100
100
100
101
101
010
011
011
001
001
001
#112
001
001
001
000
000
111
111
000
000
000
000
000
000
110
111
001
#113
001
001
001
111
110
011
011
111
110
110
101
100
100
000
001
011
#114
011
011
011
111
101
100
101
111
101
100
011
010
010
000
000
010
#115
010
010
011
100
011
111
000
100
011
011
000
111
111
011
010
010
#116
010
010
010
001
001
110
110
001
001
000
001
000
000
010
010
110
#117
110
110
110
011
011
000
000
011
011
010
111
110
110
010
010
010
#118
010
010
011
100
011
111
110
100
011
011
000
001
001
111
111
001
#119
001
001
001
000
000
100
100
000
000
000
011
011
011
101
100
010
#120
010
010
010
100
100
000
000
100
100
100
111
110
110
000
001
001
#121
001
001
001
000
010
011
101
000
010
011
101
010
010
110
110
100
#122
100
100
101
000
101
100
100
000
101
100
011
011
011
111
110
100
#123
100
100
100
000
110
100
110
000
110
110
011
000
000
100
101
101
#124
101
101
101
001
001
101
101
001
001
001
010
010
010
010
011
011
#125
011
011
011
100
100
100
100
100
100
100
011
010
010
000
001
001
#126
001
001
001
111
011
100
100
111
011
010
011
011
011
011
010
010
#127
010
010
011
001
001
011
011
001
001
001
100
100
100
110
111
011
#128
011
011
010
011
111
100
100
011
111
111
011
011
011
111
110
110
#129
110
110
110
110
110
100
100
110
110
110
011
010
010
010
010
010
#130
010
010
011
011
010
101
101
011
010
011
010
011
011
011
011
111
#131
111
111
110
011
000
101
101
011
000
001
011
011
011
111
111
011
#132
011
011
010
001
111
111
111
001
111
111
000
001
001
111
111
011
#133
011
011
011
000
110
111
111
000
110
110
000
000
000
110
111
101
#134
101
101
100
011
101
100
100
011
101
101
010
011
011
111
111
011
#135
011
011
011
011
101
000
000
011
101
101
111
110
110
100
100
110
#136
110
110
110
000
110
100
000
000
110
110
011
110
110
010
010
010
#137
010
010
011
100
111
111
011
100
111
110
000
100
100
010
010
010
#138
010
010
011
100
100
100
100
100
100
100
010
011
011
111
110
000
#139
000
000
001
001
001
111
111
001
001
001
000
000
000
100
100
110
#140
110
110
111
100
101
101
010
100
101
100
010
100
100
011
011
001
#141
001
001
001
000
000
100
100
000
000
000
011
011
011
111
111
001
#142
001
001
001
100
101
011
000
100
101
100
100
110
110
011
011
011
#143
011
011
011
111
111
101
101
111
111
111
010
011
011
011
010
010
#144
010
010
011
110
000
001
101
110
000
001
110
011
011
010
011
011
#145
011
011
011
111
110
100
100
111
110
111
010
010
010
100
100
010
#146
010
010
010
011
011
110
110
011
011
011
000
001
001
111
110
110
#147
110
110
111
100
101
101
101
100
101
101
010
011
011
011
011
001
#148
001
001
001
111
010
011
111
111
010
010
100
000
000
100
101
011
#149
011
011
011
111
111
011
011
111
111
111
100
100
100
000
000
010
#150
010
010
011
000
110
110
100
000
110
110
001
010
010
110
111
101
#151
101
101
101
110
101
100
100
110
101
100
010
011
011
011
010
010
#152
010
010
011
000
111
111
111
000
111
111
000
001
001
111
111
101
#153
101
101
100
001
111
110
100
001
111
111
001
011
011
111
110
110
#154
110
110
111
001
111
010
110
001
111
111
100
000
000
000
000
110
#155
110
110
110
110
110
100
100
110
110
110
011
010
010
010
011
011
#156
011
011
011
100
100
101
101
100
100
100
011
010
010
010
010
010
#157
010
010
011
001
001
100
000
001
001
001
011
111
111
011
011
011
#158
011
011
011
000
011
110
001
000
011
011
001
110
110
100
101
101
#159
101
101
101
000
110
111
100
000
110
111
000
010
010
111
111
001
#160
001
001
001
011
011
010
011
011
011
011
100
101
101
100
101
011
#161
011
011
011
100
100
100
100
100
100
100
010
011
011
001
001
001
#162
001
001
001
000
110
100
110
000
110
110
011
000
000
100
101
101
#163
101
101
101
011
010
010
110
011
010
011
100
000
000
000
001
011
#164
011
011
011
001
001
100
100
001
001
001
011
011
011
011
010
010
#165
010
010
011
000
000
000
000
000
000
000
111
111
111
101
100
010
#166
010
010
010
001
111
100
110
001
111
111
011
000
000
000
000
100
#167
100
100
100
001
111
100
110
001
111
111
011
000
000
010
010
110
#168
110
110
111
011
101
000
000
011
101
101
110
110
110
100
100
110
#169
110
110
110
001
001
110
110
001
001
001
001
000
000
100
100
100
#170
100
100
101
100
100
100
100
100
100
100
010
011
011
001
001
001
#171
001
001
000
100
101
100
101
100
101
101
011
010
010
000
001
001
#172
001
001
001
100
011
100
100
100
011
011
010
011
011
111
111
011
#173
011
011
010
001
101
000
000
001
101
101
110
111
111
011
010
110
#174
110
110
110
111
111
100
100
111
111
111
011
011
011
011
010
010
#175
010
010
011
100
100
011
011
100
100
100
100
101
101
001
001
011
#176
011
011
010
001
111
000
000
001
111
111
111
110
110
110
111
111
#177
111
111
110
001
001
100
100
001
001
001
011
010
010
110
111
101
#178
101
101
100
001
111
110
000
001
111
111
001
110
110
010
010
010
#179
010
010
011
011
111
011
111
011
111
111
100
000
000
100
100
110
#180
110
110
111
000
000
111
111
000
000
000
000
000
000
110
111
101
#181
101
101
101
100
111
010
010
100
111
111
100
100
100
111
111
001
#182
001
001
001
110
110
101
100
110
110
111
010
011
011
011
011
011
#183
011
011
010
001
111
000
000
001
111
111
111
111
111
111
110
110
#184
110
110
111
000
110
011
011
000
110
111
100
100
100
110
111
001
#185
001
001
000
001
111
110
110
001
111
111
001
001
001
111
110
110
#186
110
110
111
000
011
010
011
000
011
011
101
100
100
010
010
010
#187
010
010
011
011
100
100
101
011
100
100
011
010
010
100
101
011
#188
011
011
011
100
110
111
111
100
110
110
000
000
000
000
001
011
#189
011
011
010
001
101
100
010
001
101
101
011
101
101
111
111
111
#190
111
111
111
011
011
000
000
011
011
010
110
110
110
010
010
010
#191
010
010
011
100
100
111
111
100
100
100
000
001
001
001
001
011
#192
011
011
010
001
110
101
100
001
110
110
010
011
011
111
110
010
#193
010
010
010
011
011
100
100
011
011
011
010
011
011
011
010
010
#194
010
010
011
110
110
010
010
110
110
110
100
101
101
101
101
011
#195
011
011
011
001
001
111
111
001
001
001
000
000
000
110
111
011
#196
011
011
011
011
011
111
111
011
011
011
000
000
000
100
100
110
#197
110
110
111
001
111
100
000
001
111
111
011
111
111
111
110
010
#198
010
010
011
001
110
100
100
001
110
111
010
010
010
110
110
110
#199
110
110
111
001
100
100
100
001
100
101
010
010
010
110
111
101
#200
101
101
101
000
000
001
001
000
000
001
111
111
111
001
001
001
#201
001
001
001
011
111
110
110
011
111
111
001
001
001
101
100
110
#202
110
110
111
000
110
100
000
000
110
110
010
111
111
011
010
000
#203
000
000
001
001
100
100
110
001
100
101
011
000
000
010
010
010
#204
010
010
011
000
001
111
111
000
001
001
000
001
001
011
011
001
#205
001
001
000
111
111
000
000
111
111
110
110
110
110
010
010
010
#206
010
010
010
001
101
100
100
001
101
101
010
010
010
010
010
010
#207
010
010
011
001
010
101
100
001
010
010
011
011
011
011
011
011
#208
011
011
010
000
101
100
100
000
101
100
011
011
011
011
010
010
#209
010
010
011
100
011
101
100
100
011
011
010
010
010
111
111
011
#210
011
011
011
011
011
011
011
011
011
011
100
100
100
000
000
010
#211
010
010
011
110
110
110
110
110
110
110
000
000
000
100
101
011
#212
011
011
010
001
111
100
100
001
111
111
011
011
011
101
101
011
#213
011
011
011
100
011
101
000
100
011
011
010
111
111
011
010
010
#214
010
010
011
111
111
011
011
111
111
111
100
100
100
010
010
010
#215
010
010
010
100
011
100
001
100
011
011
011
111
111
010
010
010
#216
010
010
011
001
000
111
111
001
000
001
000
000
000
110
111
111
#217
111
111
111
000
111
101
101
000
111
111
011
011
011
001
001
101
#218
101
101
101
000
110
010
010
000
110
110
100
101
101
001
001
001
#219
001
001
001
100
011
011
000
100
011
011
100
111
111
011
011
011
#220
011
011
010
011
011
100
100
011
011
010
011
011
011
011
010
110
#221
110
110
111
000
000
111
111
000
000
000
000
001
001
011
010
010
#222
010
010
011
011
111
110
000
011
111
111
000
110
110
010
010
110
#223
110
110
110
001
001
000
000
001
001
001
111
111
111
101
100
110
#224
110
110
110
111
111
100
100
111
111
110
010
010
010
010
010
010
#225
010
010
011
100
100
101
011
100
100
100
010
100
100
010
011
011
#226
011
011
010
011
011
100
100
011
011
011
011
011
011
111
110
010
#227
010
010
010
110
111
100
100
110
111
111
011
011
011
011
010
010
#228
010
010
010
100
101
010
011
100
101
101
100
100
100
010
010
010
#229
010
010
010
001
111
110
110
001
111
110
001
001
001
111
110
010
#230
010
010
011
001
111
101
101
001
111
111
011
011
011
111
111
011
#231
011
011
011
000
110
111
001
000
110
110
000
111
111
011
010
010
#232
010
010
011
100
111
100
101
100
111
111
011
010
010
000
001
011
#233
011
011
011
011
101
110
110
011
101
101
001
000
000
100
100
010
#234
010
010
011
011
011
000
000
011
011
011
111
111
111
011
010
010
#235
010
010
010
001
111
000
110
001
111
111
111
000
000
100
100
100
#236
100
100
101
111
100
101
101
111
100
100
011
010
010
100
101
011
#237
011
011
011
111
001
110
110
111
001
000
001
000
000
100
100
010
#238
010
010
010
001
001
100
100
001
001
001
011
011
011
101
100
110
#239
110
110
111
011
101
000
000
011
101
101
111
111
111
101
100
110
#240
110
110
111
100
111
011
010
100
111
110
100
100
100
011
011
011
#241
011
011
011
000
000
010
010
000
000
000
100
101
101
111
111
001
#242
001
001
001
001
111
101
101
001
111
111
010
010
010
110
111
011
#243
011
011
011
000
111
110
100
000
111
111
000
011
011
011
011
101
#244
101
101
101
100
101
101
100
100
101
101
010
011
011
111
111
011
#245
011
011
010
000
100
101
101
000
100
100
010
010
010
010
010
010
#246
010
010
011
001
001
100
100
001
001
001
011
011
011
011
010
010
#247
010
010
010
001
111
110
110
001
111
111
000
001
001
111
110
110
#248
110
110
111
000
011
100
000
000
011
011
010
110
110
101
101
001
#249
001
001
001
000
001
111
111
000
001
001
000
000
000
110
110
000
#250
000
000
001
001
001
101
101
001
001
000
010
011
011
011
010
010
#251
010
010
011
100
100
011
010
100
100
100
100
100
100
001
000
000
#252
000
000
001
011
111
111
011
011
111
111
000
100
100
000
000
110
#253
110
110
110
001
001
100
100
001
001
001
011
011
011
101
101
011
#254
011
011
011
000
111
100
100
000
111
111
010
011
011
001
001
001
#255
001
001
000
011
011
100
100
011
011
011
011
011
011
111
110
010
#256
010
010
011
100
100
011
011
100
100
101
100
101
101
001
001
001
#257
001
001
001
001
101
000
000
001
101
101
110
111
111
111
110
010
#258
010
010
011
000
000
111
111
000
000
000
000
001
001
111
111
001
#259
001
001
000
011
011
100
100
011
011
011
011
010
010
010
010
010
#260
010
010
011
111
111
110
111
111
111
111
001
001
001
100
100
010
#261
010
010
011
110
111
101
100
110
111
111
010
011
011
011
011
011
#262
011
011
011
011
011
111
111
011
011
011
000
000
000
100
100
010
#263
010
010
011
001
101
100
000
001
101
101
010
110
110
010
010
010
#264
010
010
011
011
111
100
110
011
111
111
011
001
001
101
100
110
#265
110
110
110
110
110
010
010
110
110
110
100
100
100
010
011
011
#266
011
011
011
100
110
101
101
100
110
110
010
010
010
110
111
011
#267
011
011
011
100
101
011
011
100
101
101
100
101
101
111
110
000
#268
000
000
001
100
111
011
010
100
111
111
100
101
101
111
111
001
#269
001
001
001
011
101
101
101
011
101
101
010
011
011
101
101
011
#270
011
011
011
000
001
011
011
000
001
001
100
101
101
001
001
001
#271
001
001
001
110
110
111
110
110
110
110
000
000
000
011
010
010
#272
010
010
011
011
011
000
000
011
011
011
110
110
110
100
100
110
#273
110
110
110
001
111
110
100
001
111
111
001
011
011
011
010
110
#274
110
110
110
100
100
100
100
100
100
100
011
010
010
000
001
001
#275
001
001
000
100
110
110
110
100
110
110
001
000
000
100
101
011
#276
011
011
011
001
011
100
101
001
011
010
011
011
011
010
010
010
#277
010
010
011
100
101
100
100
100
101
100
011
010
010
000
001
001
#278
001
001
000
111
111
100
100
111
111
110
011
010
010
010
010
010
#279
010
010
011
011
011
100
100
011
011
011
011
010
010
100
101
011
#280
011
011
011
100
011
010
100
100
011
011
100
011
011
111
111
011
#281
011
011
011
111
111
100
100
111
111
111
011
011
011
111
110
010
#282
010
010
010
001
001
110
110
001
001
000
000
000
000
100
100
100
#283
100
100
100
001
001
000
000
001
001
001
111
110
110
010
010
110
#284
110
110
111
111
111
011
011
111
111
111
100
100
100
100
100
010
#285
010
010
010
000
110
000
100
000
110
110
111
010
010
100
100
100
#286
100
100
101
011
010
000
000
011
010
011
110
110
110
100
101
011
#287
011
011
010
111
111
100
100
111
111
111
011
011
011
011
010
010
#288
010
010
011
001
101
100
100
001
101
101
011
011
011
011
010
010
#289
010
010
010
110
111
100
101
110
111
111
011
011
011
010
011
011
#290
011
011
010
011
011
110
110
011
011
010
000
001
001
011
010
110
#291
110
110
110
001
111
101
101
001
111
111
010
011
011
111
111
011
#292
011
011
010
001
111
100
100
001
111
111
011
011
011
111
111
011
#293
011
011
011
000
000
100
100
000
000
000
011
010
010
110
111
011
#294
011
011
011
100
100
100
100
100
100
100
011
011
011
101
101
001
#295
001
001
000
100
100
100
100
100
100
100
011
010
010
000
000
010
#296
010
010
011
100
010
101
101
100
010
011
010
010
010
110
110
000
#297
000
000
001
100
110
101
101
100
110
110
010
011
011
111
111
001
#298
001
001
001
100
110
101
101
100
110
110
010
011
011
111
111
011
#299
011
011
010
000
110
000
000
000
110
110
111
110
110
000
000
100
#300
100
100
100
100
101
100
100
100
101
101
011
010
010
000
001
001
#301
001
001
001
111
111
100
101
111
111
111
011
011
011
010
010
010
#302
010
010
010
011
111
110
110
011
111
111
001
001
001
111
110
110
#303
110
110
111
001
111
111
011
001
111
111
000
100
100
000
000
110
#304
110
110
110
100
100
010
010
100
100
100
100
100
100
000
000
000
#305
000
000
000
000
110
100
110
000
110
110
011
000
000
000
001
001
#306
001
001
001
001
111
011
011
001
111
111
100
101
101
011
010
010
#307
010
010
010
000
000
000
000
000
000
000
111
110
110
000
001
001
#308
001
001
000
011
011
100
100
011
011
010
011
011
011
011
010
010
#309
010
010
010
000
111
110
111
000
111
110
000
000
000
010
010
010
#310
010
010
011
100
110
011
011
100
110
111
100
101
101
111
110
000
#311
000
000
001
100
011
110
110
100
011
011
000
000
000
001
001
001
#312
001
001
000
001
111
101
101
001
111
111
011
010
010
100
101
011
#313
011
011
011
000
110
100
100
000
110
110
011
010
010
100
101
001
#314
001
001
000
001
111
000
000
001
111
111
111
110
110
100
101
111
#315
111
111
111
000
001
011
011
000
001
001
100
101
101
001
001
011
#316
011
011
011
100
110
111
110
100
110
111
000
001
001
011
010
000
#317
000
000
000
100
101
010
011
100
101
101
100
100
100
010
011
011
#318
011
011
011
000
000
100
000
000
000
000
011
111
111
011
011
101
#319
101
101
101
000
110
111
101
000
110
110
000
011
011
011
011
001
#320
001
001
000
000
000
100
100
000
000
000
011
011
011
111
110
010
#321
010
010
010
111
111
100
100
111
111
111
011
011
011
011
011
011
#322
011
011
010
011
111
110
000
011
111
111
001
111
111
011
010
110
#323
110
110
110
000
110
000
110
000
110
110
111
000
000
000
000
100
#324
100
100
101
011
111
000
110
011
111
111
111
001
001
111
110
110
#325
110
110
110
011
111
110
000
011
111
111
001
111
111
011
010
110
#326
110
110
111
100
011
011
000
100
011
011
100
111
111
011
011
011
#327
011
011
011
001
001
111
111
001
001
000
000
001
001
001
000
110
#328
110
110
111
000
111
111
001
000
111
111
000
111
111
011
010
000
#329
000
000
001
100
011
011
000
100
011
011
100
111
111
011
010
010
#330
010
010
011
001
110
110
000
001
110
110
000
111
111
011
010
010
#331
010
010
011
001
111
100
100
001
111
111
010
010
010
110
111
011
#332
011
011
010
011
011
000
000
011
011
010
111
111
111
011
010
010
#333
010
010
011
001
100
100
100
001
100
101
011
010
010
100
101
011
#334
011
011
011
000
110
110
100
000
110
110
000
011
011
001
001
101
#335
101
101
101
100
111
111
011
100
111
110
000
100
100
000
000
010
#336
010
010
010
011
011
000
000
011
011
011
111
111
111
111
110
110
#337
110
110
111
100
111
100
100
100
111
111
010
010
010
101
101
011
#338
011
011
011
011
011
000
000
011
011
011
110
110
110
100
100
110
#339
110
110
110
001
111
100
100
001
111
111
011
011
011
101
100
110
#340
110
110
111
011
011
111
111
011
011
010
000
000
000
000
000
110
#341
110
110
111
000
001
011
000
000
001
000
101
111
111
001
000
010
#342
010
010
011
011
011
000
000
011
011
011
110
111
111
001
000
110
#343
110
110
111
001
000
000
110
001
000
001
110
000
000
100
101
011
#344
011
011
011
001
111
110
101
001
111
111
000
011
011
000
001
111
#345
111
111
111
110
111
100
100
110
111
110
011
011
011
101
100
010
#346
010
010
011
000
110
011
001
000
110
110
100
111
111
001
001
001
#347
001
001
001
100
011
011
000
100
011
010
100
111
111
001
000
010
#348
010
010
010
011
011
000
000
011
011
011
111
111
111
101
100
010
#349
010
010
011
100
101
100
100
100
101
101
011
010
010
101
101
001
#350
001
001
001
001
000
101
101
001
000
001
010
011
011
011
011
011
#351
011
011
010
001
111
110
110
001
111
111
000
001
001
111
110
110
#352
110
110
111
110
111
101
101
110
111
110
011
011
011
011
010
010
#353
010
010
011
100
101
111
110
100
101
101
000
001
001
011
011
001
#354
001
001
001
000
101
110
111
000
101
100
000
000
000
100
100
100
#355
100
100
101
110
111
100
100
110
111
111
010
011
011
011
011
011
#356
011
011
011
000
001
011
011
000
001
001
100
101
101
011
011
101
#357
101
101
100
011
011
000
000
011
011
011
111
111
111
011
010
010
#358
010
010
011
110
110
111
111
110
110
110
000
001
001
011
010
010
#359
010
010
011
100
100
000
000
100
100
100
110
110
110
110
111
001
#360
001
001
000
011
011
000
000
011
011
011
111
111
111
101
100
110
#361
110
110
111
001
111
110
000
001
111
111
000
111
111
001
000
110
#362
110
110
110
001
001
000
000
001
001
001
111
111
111
101
100
110
#363
110
110
111
100
101
011
011
100
101
101
100
101
101
011
010
000
#364
000
000
000
100
001
010
010
100
001
000
100
100
100
000
000
010
#365
010
010
011
011
001
100
101
011
001
001
010
011
011
000
001
011
#366
011
011
011
001
111
110
100
001
111
111
000
011
011
011
010
100
#367
100
100
100
001
111
110
110
001
111
111
001
001
001
111
110
110
#368
110
110
110
100
101
000
001
100
101
101
110
111
111
110
111
011
#369
011
011
011
011
011
100
100
011
011
011
010
011
011
101
100
010
#370
010
010
011
011
011
010
110
011
011
010
100
000
000
000
000
110
#371
110
110
111
100
111
111
110
100
111
111
000
001
001
001
001
001
#372
001
001
001
000
011
101
100
000
011
011
010
011
011
011
011
011
#373
011
011
010
100
011
100
101
100
011
011
011
011
011
010
010
010
#374
010
010
011
001
101
100
010
001
101
101
011
101
101
011
010
010
#375
010
010
011
111
111
100
100
111
111
111
010
011
011
011
010
010
#376
010
010
011
001
111
111
111
001
111
111
000
001
001
111
111
101
#377
101
101
100
011
011
100
100
011
011
011
011
011
011
111
110
010
#378
010
010
011
000
001
110
110
000
001
001
000
001
001
011
011
001
#379
001
001
001
001
111
010
100
001
111
111
100
010
010
110
110
100
#380
100
100
101
100
100
101
100
100
100
101
010
011
011
011
010
010
#381
010
010
011
000
000
111
111
000
000
001
001
000
000
100
100
000
#382
000
000
000
000
000
110
110
000
000
000
000
000
000
000
001
001
#383
001
001
001
100
101
111
110
100
101
101
000
001
001
011
011
011
#384
011
011
010
011
011
000
000
011
011
011
111
111
111
011
010
110
#385
110
110
111
011
001
000
000
011
001
001
110
111
111
001
001
011
#386
011
011
011
100
111
111
110
100
111
111
000
001
001
011
011
011
#387
011
011
011
100
001
001
000
100
001
001
110
111
111
011
010
010
#388
010
010
011
000
001
111
110
000
001
000
001
001
001
011
010
010
#389
010
010
011
001
111
111
111
001
111
111
000
000
000
110
111
111
#390
111
111
111
011
011
100
100
011
011
011
011
011
011
101
100
010
#391
010
010
010
011
011
000
000
011
011
011
111
111
111
101
100
110
#392
110
110
111
011
010
000
000
011
010
011
110
110
110
100
101
111
#393
111
111
111
110
110
101
101
110
110
110
010
011
011
011
010
010
#394
010
010
011
111
011
010
111
111
011
011
100
001
001
100
100
010
#395
010
010
011
110
111
100
100
110
111
111
010
011
011
011
010
010
#396
010
010
011
011
111
110
110
011
111
111
000
001
001
101
100
110
#397
110
110
111
100
101
101
101
100
101
101
010
011
011
011
011
011
#398
011
011
010
011
111
110
110
011
111
111
001
001
001
101
100
110
#399
110
110
111
000
110
100
010
000
110
110
011
101
101
011
010
010
#400
010
010
010
011
011
000
000
011
011
011
111
111
111
111
110
010
#401
010
010
011
000
111
100
000
000
111
110
011
110
110
001
000
010
#402
010
010
011
100
000
101
100
100
000
001
010
011
011
111
110
000
#403
000
000
001
001
001
100
010
001
001
001
011
101
101
011
011
111
#404
111
111
111
000
111
111
011
000
111
110
000
101
101
011
010
010
#405
010
010
011
000
011
011
000
000
011
011
100
111
111
111
111
001
#406
001
001
000
100
000
011
111
100
000
000
100
000
000
010
010
010
#407
010
010
011
100
111
011
000
100
111
111
100
111
111
011
010
010
#408
010
010
011
001
011
101
101
001
011
011
010
010
010
010
011
011
#409
011
011
010
001
001
110
110
001
001
001
001
000
000
110
110
100
#410
100
100
101
000
000
100
100
000
000
000
011
011
011
011
011
001
#411
001
001
001
001
000
100
000
001
000
000
011
111
111
011
010
010
#412
010
010
011
011
011
010
010
011
011
011
100
101
101
001
000
110
#413
110
110
111
011
101
010
010
011
101
100
101
100
100
100
100
110
#414
110
110
111
011
011
000
000
011
011
011
111
111
111
101
100
110
#415
110
110
110
011
111
100
100
011
111
111
011
011
011
111
110
110
#416
110
110
111
011
101
100
100
011
101
101
011
011
011
011
010
010
#417
010
010
011
100
101
111
110
100
101
101
000
001
001
001
001
011
#418
011
011
011
100
111
111
111
100
111
111
000
001
001
111
111
001
#419
001
001
001
000
110
100
100
000
110
111
010
011
011
111
111
011
#420
011
011
011
011
101
011
011
011
101
101
100
100
100
100
100
110
#421
110
110
111
111
111
111
111
111
111
111
000
001
001
001
000
010
#422
010
010
010
001
001
110
110
001
001
001
001
000
000
110
110
100
#423
100
100
101
000
001
111
111
000
001
000
000
001
001
011
010
000
#424
000
000
001
001
111
000
000
001
111
111
111
110
110
110
110
110
#425
110
110
111
100
100
011
010
100
100
101
100
101
101
001
000
000
#426
000
000
000
001
111
100
100
001
111
111
011
011
011
011
011
111
#427
111
111
111
100
111
111
111
100
111
111
000
001
001
011
011
001
#428
001
001
001
000
100
110
110
000
100
100
000
001
001
001
000
010
#429
010
010
011
100
100
100
100
100
100
100
011
011
011
111
111
011
#430
011
011
011
100
110
010
000
100
110
110
100
111
111
001
000
010
#431
010
010
010
011
011
000
000
011
011
011
111
111
111
111
110
010
#432
010
010
011
001
001
100
100
001
001
001
011
011
011
111
111
011
#433
011
011
011
000
000
100
100
000
000
000
011
011
011
011
011
011
#434
011
011
011
011
011
011
011
011
011
011
100
100
100
100
100
010
#435
010
010
011
011
101
100
100
011
101
101
010
010
010
100
100
010
#436
010
010
010
110
110
100
100
110
110
110
011
011
011
011
011
011
#437
011
011
011
001
111
111
101
001
111
111
000
010
010
110
110
100
#438
100
100
100
000
001
110
110
000
001
001
001
000
000
000
000
100
#439
100
100
101
100
101
100
100
100
101
101
010
010
010
001
001
001
#440
001
001
001
100
011
010
000
100
011
011
100
111
111
011
010
010
#441
010
010
011
001
001
010
010
001
001
000
100
100
100
100
100
110
#442
110
110
111
011
011
000
010
011
011
011
111
101
101
111
110
010
#443
010
010
011
000
110
101
101
000
110
111
011
011
011
011
011
101
#444
101
101
101
001
101
000
100
001
101
101
111
010
010
110
110
100
#445
100
100
100
011
111
100
110
011
111
111
011
001
001
111
110
110
#446
110
110
111
001
001
010
010
001
001
001
100
101
101
001
000
100
#447
100
100
101
100
101
011
011
100
101
100
100
101
101
011
010
010
#448
010
010
011
011
101
110
110
011
101
101
001
000
000
100
100
010
#449
010
010
011
000
000
110
110
000
000
000
000
001
001
111
111
101
#450
101
101
100
000
000
111
111
000
000
001
001
000
000
000
000
000
#451
000
000
001
001
111
111
111
001
111
111
000
000
000
000
000
010
#452
010
010
011
100
011
111
000
100
011
011
000
111
111
011
011
011
#453
011
011
011
110
111
100
100
110
111
111
010
011
011
011
010
010
#454
010
010
011
000
000
100
100
000
000
001
010
011
011
011
011
001
#455
001
001
000
001
111
110
100
001
111
111
001
011
011
101
100
110
#456
110
110
111
000
100
100
100
000
100
100
011
011
011
011
010
010
#457
010
010
011
001
111
110
100
001
111
111
001
011
011
101
100
110
#458
110
110
111
001
011
000
010
001
011
011
111
101
101
111
111
011
#459
011
011
010
110
110
100
100
110
110
110
011
011
011
011
010
010
#460
010
010
011
110
110
100
101
110
110
110
010
010
010
010
011
011
#461
011
011
011
100
011
111
010
100
011
011
000
100
100
001
001
001
#462
001
001
000
001
101
110
010
001
101
101
001
100
100
000
000
100
#463
100
100
101
000
000
111
111
000
000
000
000
000
000
110
111
001
#464
001
001
001
011
100
101
101
011
100
101
010
010
010
100
101
011
#465
011
011
011
000
011
111
110
000
011
011
000
000
000
011
011
001
#466
001
001
001
100
101
100
100
100
101
101
010
011
011
011
010
010
#467
010
010
011
100
100
100
100
100
100
100
010
011
011
001
001
001
#468
001
001
000
000
000
000
000
000
000
000
111
110
110
100
101
101
#469
101
101
101
100
001
111
111
100
001
001
000
000
000
110
110
010
#470
010
010
010
001
001
100
100
001
001
001
011
011
011
101
100
110
#471
110
110
111
100
101
111
110
100
101
101
000
001
001
011
011
001
#472
001
001
001
001
001
110
110
001
001
001
000
001
001
111
110
110
#473
110
110
111
001
000
111
111
001
000
000
000
001
001
011
011
101
#474
101
101
101
011
111
111
011
011
111
111
000
100
100
010
010
110
#475
110
110
111
000
000
000
000
000
000
000
111
110
110
000
000
000
#476
000
000
001
011
101
101
101
011
101
101
010
010
010
100
100
010
#477
010
010
011
011
010
101
101
011
010
011
011
011
011
001
000
010
#478
010
010
011
001
111
100
100
001
111
111
011
011
011
111
111
111
#479
111
111
111
000
110
110
000
000
110
110
000
111
111
011
010
010
#480
010
010
011
100
011
011
111
100
011
011
100
001
001
010
010
010
#481
010
010
011
000
011
110
111
000
011
011
001
000
000
100
101
101
#482
101
101
101
011
011
011
011
011
011
010
100
100
100
100
100
110
#483
110
110
111
100
011
101
100
100
011
011
010
011
011
001
001
001
#484
001
001
001
100
100
011
010
100
100
100
100
100
100
011
010
010
#485
010
010
010
001
111
100
100
001
111
111
011
011
011
011
011
111
#486
111
111
110
001
111
000
000
001
111
111
111
111
111
111
110
110
#487
110
110
111
000
100
101
101
000
100
100
010
011
011
011
010
010
#488
010
010
010
011
011
010
010
011
011
010
100
100
100
010
010
010
#489
010
010
011
000
110
111
101
000
110
110
000
011
011
111
111
101
#490
101
101
101
011
000
100
100
011
000
001
010
010
010
100
100
110
#491
110
110
110
001
111
100
100
001
111
111
011
011
011
111
111
011
#492
011
011
011
001
111
100
100
001
111
111
010
011
011
001
000
100
#493
100
100
101
001
001
110
110
001
001
001
000
001
001
111
110
100
#494
100
100
101
110
111
100
100
110
111
110
010
010
010
010
010
010
#495
010
010
010
100
101
010
010
100
101
100
100
100
100
000
001
001
#496
001
001
000
111
111
100
100
111
111
111
011
011
011
011
010
010
#497
010
010
010
011
011
100
100
011
011
011
011
011
011
111
110
010
#498
010
010
010
011
111
110
000
011
111
111
000
111
111
011
010
110
#499
110
110
111
001
001
101
101
001
001
001
011
011
011
001
000
010
#500
010
010
011
001
101
100
010
001
101
101
011
101
101
011
011
111
#501
111
111
111
011
011
100
100
011
011
011
010
010
010
100
100
010
#502
010
010
010
011
011
000
000
011
011
011
111
111
111
101
100
110
#503
110
110
111
100
100
011
011
100
100
100
100
101
101
011
010
010
#504
010
010
011
001
001
111
111
001
001
001
000
001
001
011
011
011
#505
011
011
010
001
111
000
000
001
111
111
111
111
111
111
111
101
#506
101
101
101
001
010
110
110
001
010
011
001
001
001
011
011
011
#507
011
011
011
001
001
000
010
001
001
001
111
101
101
011
011
011
#508
011
011
011
000
100
111
101
000
100
100
001
010
010
000
000
000
#509
000
000
000
100
100
100
100
100
100
100
011
010
010
000
001
001
#510
001
001
001
011
111
111
011
011
111
110
000
100
100
010
010
110
#511
110
110
111
100
101
111
111
100
101
101
000
001
001
011
011
001
#512
001
001
001
000
000
100
100
000
000
000
011
011
011
011
010
010
#513
010
010
011
001
111
100
100
001
111
111
010
011
011
111
111
101
#514
101
101
101
000
011
111
100
000
011
011
000
011
011
011
010
010
#515
010
010
010
000
111
010
010
000
111
111
101
100
100
010
010
010
#516
010
010
011
000
000
100
010
000
000
000
010
101
101
001
000
000
#517
000
000
001
011
111
111
001
011
111
111
000
111
111
011
010
010
#518
010
010
011
011
011
111
001
011
011
010
000
110
110
010
010
010
#519
010
010
011
000
111
010
100
000
111
110
100
011
011
011
010
100
#520
100
100
101
000
001
111
111
000
001
001
000
001
001
011
011
001
#521
001
001
001
001
101
100
100
001
101
101
011
011
011
011
010
010
#522
010
010
010
011
011
100
100
011
011
011
011
011
011
011
010
110
#523
110
110
111
110
111
000
000
110
111
111
110
111
111
101
101
011
#524
011
011
011
000
111
111
000
000
111
111
000
111
111
001
000
010
#525
010
010
010
100
100
100
100
100
100
100
011
010
010
010
010
010
#526
010
010
011
100
101
011
010
100
101
101
100
101
101
001
001
001
#527
001
001
000
100
100
100
100
100
100
100
011
010
010
000
001
011
#528
011
011
011
000
111
111
100
000
111
111
000
011
011
011
010
010
#529
010
010
011
001
111
111
011
001
111
111
000
100
100
000
001
011
#530
011
011
011
011
101
000
000
011
101
101
111
111
111
101
101
011
#531
011
011
011
100
101
111
110
100
101
101
000
001
001
011
011
001
#532
001
001
000
111
111
000
000
111
111
111
110
111
111
111
110
010
#533
010
010
011
100
100
101
100
100
100
100
010
011
011
001
000
010
#534
010
010
011
001
111
111
111
001
111
111
000
001
001
110
110
010
#535
010
010
011
001
111
110
100
001
111
111
001
011
011
001
001
101
#536
101
101
101
110
111
100
101
110
111
110
010
011
011
010
010
010
#537
010
010
010
000
110
110
010
000
110
110
000
100
100
000
000
000
#538
000
000
000
011
111
100
100
011
111
111
011
011
011
111
110
110
#539
110
110
111
001
101
110
100
001
101
101
000
011
011
111
110
100
#540
100
100
101
000
010
100
100
000
010
011
010
011
011
011
011
011
#541
011
011
011
000
110
110
000
000
110
110
000
111
111
011
010
000
#542
000
000
001
111
111
011
011
111
111
111
100
100
100
100
100
010
#543
010
010
011
000
100
011
101
000
100
100
101
011
011
111
110
000
#544
000
000
001
000
100
111
101
000
100
100
000
010
010
100
101
101
#545
101
101
101
000
011
011
000
000
011
011
100
111
111
011
010
100
#546
100
100
101
000
111
111
101
000
111
111
000
011
011
011
010
000
#547
000
000
001
100
111
101
100
100
111
111
010
011
011
001
001
001
#548
001
001
001
001
010
001
001
001
010
010
111
111
111
001
000
100
#549
100
100
101
001
110
111
011
001
110
111
000
100
100
010
010
110
#550
110
110
111
000
110
111
111
000
110
110
000
001
001
011
011
001
#551
001
001
001
000
011
011
011
000
011
010
100
101
101
011
010
010
#552
010
010
011
110
110
111
110
110
110
111
000
001
001
001
000
010
#553
010
010
010
011
011
000
000
011
011
011
110
111
111
011
011
011
#554
011
011
010
001
001
110
110
001
001
001
001
000
000
010
010
010
#555
010
010
010
100
100
010
010
100
100
100
100
100
100
010
010
010
#556
010
010
011
110
110
101
101
110
110
110
010
011
011
010
010
010
#557
010
010
011
000
000
010
010
000
000
000
100
101
101
011
010
010
#558
010
010
011
111
111
101
101
111
111
110
010
011
011
110
110
010
#559
010
010
011
001
011
100
010
001
011
011
011
101
101
111
111
011
#560
011
011
011
000
110
111
001
000
110
110
000
111
111
001
000
000
#561
000
000
000
100
100
100
100
100
100
100
011
010
010
000
001
001
#562
001
001
001
011
000
111
001
011
000
001
000
110
110
010
010
110
#563
110
110
111
000
110
111
001
000
110
110
000
111
111
001
000
000
#564
000
000
001
001
111
111
111
001
111
110
000
000
000
100
100
110
#565
110
110
111
001
011
100
100
001
011
011
011
011
011
011
011
011
#566
011
011
011
110
110
101
101
110
110
110
010
011
011
011
011
011
#567
011
011
011
100
011
010
010
100
011
011
100
100
100
001
001
001
#568
001
001
000
011
011
100
100
011
011
011
011
011
011
101
100
110
#569
110
110
111
000
000
100
100
000
000
000
011
011
011
111
111
001
#570
001
001
001
000
000
110
110
000
000
000
000
000
000
000
001
001
#571
001
001
001
000
100
000
100
000
100
100
111
011
011
001
000
000
#572
000
000
001
000
011
010
010
000
011
011
100
100
100
011
011
001
#573
001
001
000
001
111
110
110
001
111
111
001
001
001
111
111
111
#574
111
111
110
001
101
100
110
001
101
101
011
001
001
101
100
100
#575
100
100
100
111
111
100
100
111
111
111
010
011
011
011
011
011
#576
011
011
011
111
001
100
101
111
001
001
011
011
011
010
010
010
#577
010
010
011
001
111
100
100
001
111
111
010
011
011
111
111
011
#578
011
011
011
000
110
100
100
000
110
110
010
011
011
111
111
011
#579
011
011
011
011
101
100
100
011
101
100
010
011
011
101
100
010
#580
010
010
010
001
001
000
000
001
001
001
111
111
111
101
101
101
#581
101
101
100
001
001
000
000
001
001
001
111
110
110
000
001
111
#582
111
111
110
100
101
000
001
100
101
101
110
110
110
010
010
010
#583
010
010
010
000
101
100
110
000
101
100
011
000
000
000
001
101
#584
101
101
100
001
001
110
110
001
001
001
001
000
000
010
010
010
#585
010
010
011
100
100
101
101
100
100
100
010
010
010
010
010
010
#586
010
010
011
000
000
000
000
000
000
000
110
111
111
001
001
001
#587
001
001
001
100
101
100
100
100
101
101
011
011
011
011
010
010
#588
010
010
011
000
001
111
111
000
001
001
000
001
001
011
010
010
#589
010
010
010
001
101
000
000
001
101
101
111
110
110
010
010
010
#590
010
010
011
000
010
000
011
000
010
010
110
100
100
010
011
011
#591
011
011
010
011
011
000
000
011
011
011
111
111
111
111
110
010
#592
010
010
011
001
111
111
011
001
111
110
000
100
100
000
000
110
#593
110
110
111
000
000
000
000
000
000
000
110
111
111
001
001
001
#594
001
001
001
011
011
011
011
011
011
010
100
100
100
000
000
010
#595
010
010
011
011
011
000
000
011
011
011
111
110
110
100
100
110
#596
110
110
111
100
101
011
011
100
101
101
100
100
100
010
011
011
#597
011
011
010
011
011
100
100
011
011
010
011
011
011
111
110
110
#598
110
110
111
011
011
100
100
011
011
010
011
010
010
010
010
010
#599
010
010
011
111
101
101
101
111
101
101
010
011
011
011
010
010
#600
010
010
011
001
111
100
100
001
111
111
011
011
011
111
111
101
#601
101
101
101
100
110
101
100
100
110
111
010
010
010
111
111
011
#602
011
011
011
100
111
011
010
100
111
111
100
100
100
001
001
001
#603
001
001
000
111
111
101
101
111
111
111
010
011
011
011
010
010
#604
010
010
011
000
110
011
010
000
110
111
100
100
100
111
111
011
#605
011
011
011
100
100
111
111
100
100
100
000
001
001
011
011
001
#606
001
001
000
001
111
100
000
001
111
111
011
111
111
011
010
010
#607
010
010
011
001
101
111
101
001
101
101
000
010
010
100
100
110
#608
110
110
110
000
101
100
100
000
101
101
011
011
011
011
010
100
#609
100
100
100
000
111
110
111
000
111
110
000
001
001
110
110
010
#610
010
010
011
001
011
100
001
001
011
011
010
110
110
000
001
011
#611
011
011
011
001
000
110
110
001
000
000
000
001
001
001
000
100
#612
100
100
101
100
011
011
000
100
011
011
100
111
111
011
010
010
#613
010
010
011
100
011
011
011
100
011
010
100
100
100
000
000
010
#614
010
010
011
000
110
111
111
000
110
110
000
001
001
111
110
100
#615
100
100
101
100
100
011
011
100
100
100
100
100
100
110
111
001
#616
001
001
001
100
101
111
111
100
101
101
000
001
001
001
001
001
#617
001
001
001
000
010
110
001
000
010
010
000
110
110
010
011
101
#618
101
101
100
001
000
110
000
001
000
000
000
110
110
010
010
010
#619
010
010
011
001
111
101
101
001
111
111
010
011
011
110
111
011
#620
011
011
010
001
001
100
100
001
001
001
011
010
010
100
101
011
#621
011
011
011
011
101
100
100
011
101
101
010
010
010
100
100
010
#622
010
010
011
011
011
010
010
011
011
011
100
101
101
101
101
011
#623
011
011
011
000
000
100
000
000
000
000
011
111
111
011
010
100
#624
100
100
101
110
100
101
101
110
100
100
010
011
011
100
101
011
#625
011
011
011
000
111
010
101
000
111
111
100
011
011
010
010
010
#626
010
010
011
100
011
101
100
100
011
011
010
010
010
111
111
001
#627
001
001
000
100
101
100
101
100
101
101
011
010
010
010
011
011
#628
011
011
010
001
111
100
110
001
111
111
011
001
001
111
110
110
#629
110
110
111
100
100
100
100
100
100
100
010
010
010
000
001
001
#630
001
001
000
111
101
101
101
111
101
101
010
011
011
011
011
011
#631
011
011
010
100
100
000
000
100
100
100
111
110
110
010
011
011
#632
011
011
011
000
100
111
101
000
100
100
001
011
011
011
010
010
#633
010
010
011
100
011
111
000
100
011
011
000
111
111
011
011
001
#634
001
001
000
011
111
000
100
011
111
111
111
011
011
111
110
110
#635
110
110
110
001
111
110
110
001
111
111
001
001
001
111
110
110
#636
110
110
110
000
001
100
100
000
001
001
011
010
010
000
001
001
#637
001
001
000
000
110
111
111
000
110
110
001
000
000
000
000
000
#638
000
000
000
001
111
110
100
001
111
111
001
011
011
111
110
010
#639
010
010
010
001
101
000
000
001
101
101
111
110
110
100
101
111
#640
111
111
111
000
110
110
110
000
110
110
000
000
000
100
101
101
#641
101
101
101
100
100
111
111
100
100
101
000
001
001
111
110
000
#642
000
000
001
100
100
111
111
100
100
100
000
001
001
011
011
001
#643
001
001
001
100
101
111
110
100
101
101
000
001
001
111
111
011
#644
011
011
011
000
110
111
111
000
110
111
000
001
001
111
110
100
#645
100
100
100
001
001
110
110
001
001
001
000
001
001
101
100
110
#646
110
110
110
001
111
100
110
001
111
111
011
000
000
100
100
100
#647
100
100
101
001
011
100
101
001
011
011
010
011
011
010
011
011
#648
011
011
010
001
111
000
000
001
111
111
111
110
110
010
010
110
#649
110
110
111
011
011
111
111
011
011
010
000
000
000
000
000
110
#650
110
110
111
000
111
111
111
000
111
111
000
001
001
111
110
000
#651
000
000
000
000
111
100
101
000
111
111
011
010
010
100
101
011
#652
011
011
010
100
110
100
100
100
110
110
011
010
010
000
001
001
#653
001
001
001
100
100
010
010
100
100
100
100
100
100
100
101
001
#654
001
001
000
001
101
100
100
001
101
101
011
010
010
010
010
010
#655
010
010
011
000
111
111
111
000
111
111
000
001
001
111
110
100
#656
100
100
100
100
101
000
000
100
101
100
110
110
110
000
001
011
#657
011
011
011
001
111
001
001
001
111
110
111
110
110
110
110
100
#658
100
100
100
000
110
101
011
000
110
110
010
100
100
010
010
010
#659
010
010
011
100
110
100
100
100
110
110
010
010
010
000
001
001
#660
001
001
001
011
011
010
011
011
011
011
100
101
101
100
100
010
#661
010
010
010
011
011
100
100
011
011
011
011
011
011
101
100
110
#662
110
110
110
100
100
100
100
100
100
100
011
010
010
000
001
001
#663
001
001
000
011
011
000
000
011
011
011
111
111
111
111
111
011
#664
011
011
010
111
111
000
000
111
111
111
110
111
111
011
010
010
#665
010
010
011
100
101
101
100
100
101
101
010
011
011
011
011
011
#666
011
011
011
000
011
111
111
000
011
011
000
001
001
111
110
000
#667
000
000
001
100
101
111
110
100
101
101
000
001
001
011
011
001
#668
001
001
001
001
001
111
111
001
001
001
000
001
001
111
111
101
#669
101
101
101
001
111
100
010
001
111
111
011
101
101
011
011
011
#670
011
011
011
100
100
011
010
100
100
101
100
101
101
011
010
000
#671
000
000
000
001
111
100
100
001
111
111
011
011
011
111
110
110
#672
110
110
111
100
111
100
100
100
111
110
010
011
011
111
111
011
#673
011
011
010
001
011
000
111
001
011
011
111
001
001
100
100
100
#674
100
100
101
001
010
100
001
001
010
010
011
111
111
110
111
011
#675
011
011
011
110
111
011
011
110
111
111
100
101
101
110
111
011
#676
011
011
011
000
111
100
100
000
111
110
010
010
010
110
111
011
#677
011
011
011
000
110
100
100
000
110
110
010
011
011
001
001
011
#678
011
011
010
001
001
110
110
001
001
001
001
000
000
010
010
010
#679
010
010
011
000
001
100
100
000
001
001
010
011
011
011
011
011
#680
011
011
011
000
110
111
101
000
110
110
000
011
011
011
010
000
#681
000
000
001
111
111
010
011
111
111
111
100
101
101
100
100
010
#682
010
010
011
000
111
111
000
000
111
111
000
111
111
011
011
101
#683
101
101
100
000
101
100
111
000
101
101
011
001
001
100
100
000
#684
000
000
001
000
001
111
111
000
001
000
000
001
001
011
010
000
#685
000
000
001
000
111
011
001
000
111
111
100
111
111
011
010
010
#686
010
010
011
001
111
110
100
001
111
111
000
011
011
001
000
110
#687
110
110
110
100
011
100
101
100
011
011
011
011
011
010
010
010
#688
010
010
011
000
110
111
100
000
110
110
000
010
010
111
111
001
#689
001
001
000
001
111
100
100
001
111
111
011
011
011
111
110
110
#690
110
110
110
000
000
101
101
000
000
000
010
010
010
010
010
010
#691
010
010
011
001
001
111
111
001
001
001
000
000
000
000
000
110
#692
110
110
111
001
111
111
111
001
111
110
000
000
000
000
000
110
#693
110
110
110
011
111
110
110
011
111
111
000
001
001
111
110
110
#694
110
110
110
100
100
111
111
100
100
100
000
000
000
010
010
010
#695
010
010
011
100
110
010
010
100
110
110
100
100
100
110
111
001
#696
001
001
000
011
011
110
110
011
011
011
000
001
001
011
010
110
#697
110
110
111
011
011
010
010
011
011
011
101
100
100
000
000
110
#698
110
110
111
110
110
011
001
110
110
111
100
111
111
010
011
011
#699
011
011
011
100
100
101
101
100
100
101
010
011
011
001
000
000
#700
000
000
000
001
111
100
110
001
111
111
011
000
000
010
010
110
#701
110
110
110
100
100
100
100
100
100
100
011
010
010
000
001
001
#702
001
001
000
011
101
000
000
011
101
101
110
111
111
101
100
010
#703
010
010
011
000
000
100
001
000
000
000
011
110
110
000
001
101
#704
101
101
101
110
111
111
111
110
111
111
000
001
001
011
011
011
#705
011
011
011
000
110
111
111
000
110
110
000
001
001
111
111
001
#706
001
001
001
100
101
011
011
100
101
101
100
101
101
011
011
001
#707
001
001
001
011
011
111
111
011
011
011
000
000
000
100
100
110
#708
110
110
110
011
011
000
000
011
011
011
111
111
111
111
110
110
#709
110
110
111
110
111
011
011
110
111
110
100
101
101
001
000
010
#710
010
010
011
001
011
100
010
001
011
011
011
101
101
111
111
011
#711
011
011
011
000
000
000
000
000
000
000
111
111
111
111
111
001
#712
001
001
000
111
110
011
010
111
110
111
101
101
101
111
111
011
#713
011
011
011
001
001
110
110
001
001
001
000
000
000
100
100
110
#714
110
110
111
011
011
110
110
011
011
011
000
000
000
100
100
110
#715
110
110
111
110
111
111
110
110
111
111
000
000
000
101
101
011
#716
011
011
010
100
100
111
111
100
100
100
000
000
000
010
011
011
#717
011
011
011
000
110
111
101
000
110
110
000
010
010
110
110
000
#718
000
000
000
001
001
110
110
001
001
001
001
000
000
010
010
010
#719
010
010
011
001
111
111
101
001
111
111
000
010
010
000
001
111
#720
111
111
111
000
111
011
011
000
111
111
100
100
100
110
111
001
#721
001
001
001
001
001
100
100
001
001
001
011
011
011
011
010
010
#722
010
010
011
111
111
100
101
111
111
111
011
010
010
000
000
010
#723
010
010
010
001
111
010
010
001
111
111
100
100
100
000
000
100
#724
100
100
101
001
011
011
011
001
011
011
100
100
100
100
101
011
#725
011
011
011
000
111
111
110
000
111
111
000
001
001
111
111
011
#726
011
011
010
011
011
100
100
011
011
011
011
011
011
111
110
110
#727
110
110
111
100
101
100
100
100
101
101
010
011
011
001
001
001
#728
001
001
001
100
100
111
111
100
100
100
000
001
001
011
011
001
#729
001
001
001
000
110
100
100
000
110
110
010
011
011
001
001
001
#730
001
001
000
110
110
000
000
110
110
110
111
111
111
011
010
010
#731
010
010
011
000
000
111
111
000
000
000
000
001
001
111
110
100
#732
100
100
100
001
001
110
110
001
001
000
001
000
000
000
000
100
#733
100
100
101
000
100
101
101
000
100
100
010
011
011
001
000
000
#734
000
000
001
000
111
101
101
000
111
111
010
011
011
111
110
010
#735
010
010
011
100
100
100
100
100
100
100
010
011
011
111
110
000
#736
000
000
001
000
111
111
101
000
111
110
000
010
010
110
110
100
#737
100
100
100
001
111
000
000
001
111
111
111
111
111
111
111
111
#738
111
111
111
001
110
101
100
001
110
110
010
011
011
111
111
011
#739
011
011
011
000
110
100
100
000
110
110
010
011
011
011
011
001
#740
001
001
001
100
011
011
100
100
011
010
100
011
011
011
010
010
#741
010
010
011
000
001
100
100
000
001
000
011
010
010
011
011
001
#742
001
001
001
111
000
100
101
111
000
000
011
011
011
010
011
011
#743
011
011
010
011
011
100
100
011
011
011
011
011
011
111
110
010
#744
010
010
011
001
001
100
100
001
001
001
011
011
011
111
111
111
#745
111
111
111
001
011
010
001
001
011
011
100
111
111
100
101
011
#746
011
011
011
000
011
011
010
000
011
011
100
101
101
011
011
001
#747
001
001
001
000
111
111
011
000
111
110
001
101
101
011
010
010
#748
010
010
011
100
110
011
010
100
110
110
100
100
100
011
010
000
#749
000
000
001
011
010
100
100
011
010
010
010
010
010
100
101
011
#750
011
011
010
011
111
000
000
011
111
111
111
111
111
011
010
110
#751
110
110
111
100
100
111
111
100
100
101
000
001
001
111
110
000
#752
000
000
001
111
111
011
011
111
111
111
100
100
100
010
010
010
#753
010
010
010
001
011
000
011
001
011
011
111
101
101
110
111
111
#754
111
111
110
001
111
101
101
001
111
111
011
011
011
111
111
011
#755
011
011
010
100
101
100
101
100
101
101
011
010
010
000
001
011
#756
011
011
011
011
111
000
100
011
111
111
110
011
011
111
110
010
#757
010
010
011
000
011
011
000
000
011
011
100
110
110
111
111
001
#758
001
001
001
100
100
001
001
100
100
100
110
111
111
011
011
011
#759
011
011
011
000
100
100
000
000
100
100
011
111
111
011
010
010
#760
010
010
011
100
101
100
100
100
101
101
010
011
011
001
001
001
#761
001
001
001
011
101
000
100
011
101
100
110
011
011
111
110
010
#762
010
010
011
100
111
011
100
100
111
111
100
010
010
001
001
001
#763
001
001
001
100
100
011
011
100
100
100
100
101
101
001
001
001
#764
001
001
001
011
011
011
011
011
011
011
100
100
100
100
100
010
#765
010
010
011
001
111
111
101
001
111
111
000
010
010
110
111
101
#766
101
101
101
001
010
111
111
001
010
011
001
001
001
011
011
011
#767
011
011
011
000
000
000
000
000
000
000
110
111
111
011
010
010
#768
010
010
010
011
011
100
100
011
011
011
011
011
011
111
110
110
#769
110
110
111
000
111
111
111
000
111
111
000
001
001
001
001
001
#770
001
001
001
111
101
101
001
111
101
101
011
111
111
010
010
010
#771
010
010
011
100
110
111
111
100
110
110
000
001
001
011
011
001
#772
001
001
001
000
111
110
100
000
111
110
001
010
010
110
110
000
#773
000
000
001
001
101
100
100
001
101
100
010
011
011
111
110
010
#774
010
010
011
011
111
000
110
011
111
111
111
001
001
111
111
111
#775
111
111
111
111
111
011
011
111
111
111
101
100
100
100
100
010
#776
010
010
011
110
111
111
111
110
111
111
000
001
001
011
011
011
#777
011
011
011
100
100
011
010
100
100
101
100
101
101
001
001
001
#778
001
001
001
000
001
101
100
000
001
001
010
010
010
011
010
010
#779
010
010
010
011
011
100
100
011
011
011
011
011
011
011
010
010
#780
010
010
010
001
001
000
000
001
001
001
111
110
110
000
000
100
#781
100
100
101
000
111
110
100
000
111
110
000
011
011
111
110
010
#782
010
010
011
111
111
100
100
111
111
111
011
011
011
111
110
010
#783
010
010
011
001
001
100
100
001
001
000
011
011
011
111
110
010
#784
010
010
010
011
110
110
000
011
110
110
000
111
111
011
011
111
#785
111
111
110
111
111
100
100
111
111
111
011
010
010
010
011
011
#786
011
011
011
000
111
111
110
000
111
111
000
000
000
001
001
001
#787
001
001
000
001
111
000
100
001
111
111
111
011
011
111
110
010
#788
010
010
011
000
110
111
111
000
110
110
000
001
001
011
011
001
#789
001
001
000
001
111
111
111
001
111
111
000
001
001
101
101
011
#790
011
011
010
110
110
100
100
110
110
110
010
011
011
011
011
011
#791
011
011
010
001
111
110
000
001
111
110
001
110
110
010
010
110
#792
110
110
111
110
110
101
101
110
110
110
010
010
010
010
010
010
#793
010
010
011
000
101
100
110
000
101
101
011
000
000
011
010
010
#794
010
010
011
001
111
110
100
001
111
111
000
011
011
111
110
100
#795
100
100
101
000
110
101
101
000
110
111
010
010
010
110
110
000
#796
000
000
000
000
000
100
100
000
000
000
011
011
011
101
101
011
#797
011
011
011
100
100
011
011
100
100
100
100
100
100
110
111
001
#798
001
001
000
100
011
000
101
100
011
011
111
011
011
010
010
010
#799
010
010
010
001
101
100
100
001
101
101
011
011
011
101
101
011
#800
011
011
011
011
011
101
101
011
011
011
010
010
010
000
001
011
#801
011
011
010
011
011
110
110
011
011
011
000
001
001
101
101
111
#802
111
111
111
000
111
111
001
000
111
111
000
111
111
011
010
000
#803
000
000
001
000
001
111
111
000
001
001
000
001
001
011
010
100
#804
100
100
100
011
011
100
100
011
011
011
010
011
011
011
010
010
#805
010
010
011
100
110
111
111
100
110
110
000
001
001
011
011
011
#806
011
011
010
000
100
000
000
000
100
100
111
110
110
000
000
000
#807
000
000
001
000
110
011
011
000
110
110
100
101
101
111
111
101
#808
101
101
100
001
001
010
010
001
001
000
100
101
101
101
100
010
#809
010
010
011
000
110
100
100
000
110
110
011
010
010
110
111
011
#810
011
011
011
011
111
110
010
011
111
111
000
100
100
010
010
110
#811
110
110
111
100
001
001
001
100
001
001
111
111
111
010
010
010
#812
010
010
011
000
011
110
110
000
011
011
000
001
001
011
011
001
#813
001
001
000
100
111
100
100
100
111
111
011
010
010
000
001
001
#814
001
001
000
100
101
010
011
100
101
101
100
100
100
010
010
010
#815
010
010
011
001
011
010
010
001
011
011
100
101
101
011
011
011
#816
011
011
011
011
111
010
100
011
111
111
100
011
011
111
110
010
#817
010
010
011
000
000
111
111
000
000
001
000
001
001
011
010
010
#818
010
010
010
001
001
000
000
001
001
001
111
111
111
111
111
101
#819
101
101
101
100
100
110
110
100
100
100
001
000
000
000
000
000
#820
000
000
000
011
011
000
000
011
011
011
111
111
111
011
010
110
#821
110
110
111
100
101
111
111
100
101
101
000
000
000
110
110
000
#822
000
000
000
000
001
110
110
000
001
001
001
000
000
110
110
100
#823
100
100
100
100
100
100
100
100
100
100
011
010
010
000
001
011
#824
011
011
011
000
110
110
100
000
110
110
000
011
011
111
111
101
#825
101
101
100
011
011
100
100
011
011
011
011
011
011
011
010
010
#826
010
010
010
000
100
000
000
000
100
100
111
110
110
110
111
101
#827
101
101
101
011
101
100
100
011
101
101
011
010
010
100
100
010
#828
010
010
010
001
001
100
100
001
001
001
011
010
010
100
101
011
#829
011
011
011
100
110
110
110
100
110
111
000
001
001
111
111
011
#830
011
011
011
110
110
111
111
110
110
110
000
000
000
010
011
011
#831
011
011
010
001
101
110
110
001
101
101
000
001
001
111
110
110
#832
110
110
110
011
011
000
000
011
011
011
111
111
111
111
110
010
#833
010
010
011
100
001
100
000
100
001
001
011
111
111
011
010
010
#834
010
010
011
000
000
111
111
000
000
000
000
001
001
011
010
100
#835
100
100
101
000
001
100
100
000
001
001
010
010
010
110
111
001
#836
001
001
001
110
101
101
101
110
101
101
010
011
011
001
001
011
#837
011
011
011
100
101
000
001
100
101
101
110
110
110
100
101
001
#838
001
001
001
100
101
100
101
100
101
100
010
010
010
000
001
001
#839
001
001
000
000
000
000
000
000
000
000
111
110
110
000
001
001
#840
001
001
000
111
111
111
111
111
111
111
001
001
001
011
011
011
#841
011
011
010
001
110
101
100
001
110
110
010
011
011
111
111
011
#842
011
011
011
000
110
100
000
000
110
110
010
111
111
011
010
010
#843
010
010
011
011
011
100
100
011
011
011
010
011
011
001
000
010
#844
010
010
011
111
110
101
101
111
110
110
011
010
010
100
101
011
#845
011
011
011
011
011
011
011
011
011
011
101
100
100
100
101
011
#846
011
011
011
001
101
000
100
001
101
101
111
011
011
011
010
110
#847
110
110
110
001
111
100
110
001
111
111
011
000
000
100
101
101
#848
101
101
101
100
011
111
110
100
011
011
000
001
001
011
011
011
#849
011
011
011
000
110
000
100
000
110
110
110
010
010
110
111
101
#850
101
101
100
001
101
000
011
001
101
101
111
101
101
010
010
010
#851
010
010
011
100
100
101
110
100
100
100
011
000
000
011
011
011
#852
011
011
011
000
111
110
110
000
111
110
001
001
001
011
010
010
#853
010
010
011
000
110
100
010
000
110
110
010
101
101
001
000
000
#854
000
000
000
011
011
100
100
011
011
011
011
011
011
111
111
011
#855
011
011
010
111
111
100
100
111
111
111
011
011
011
011
010
010
#856
010
010
011
001
011
000
001
001
011
011
110
111
111
110
111
011
#857
011
011
011
011
011
100
100
011
011
011
011
011
011
011
010
010
#858
010
010
011
000
110
111
001
000
110
110
000
111
111
011
010
010
#859
010
010
011
011
011
101
101
011
011
010
011
011
011
101
100
010
#860
010
010
010
110
000
100
101
110
000
000
011
011
011
110
111
011
#861
011
011
011
100
101
011
011
100
101
101
100
101
101
011
010
000
#862
000
000
001
000
110
100
100
000
110
110
010
011
011
011
011
001
#863
001
001
001
000
011
010
000
000
011
011
100
111
111
111
111
001
#864
001
001
001
001
111
110
100
001
111
111
001
011
011
111
111
111
#865
111
111
111
100
011
011
000
100
011
011
100
111
111
011
010
010
#866
010
010
011
100
011
010
010
100
011
011
100
100
100
111
111
001
#867
001
001
001
111
111
000
001
111
111
111
110
111
111
110
110
010
#868
010
010
010
001
101
110
110
001
101
101
001
000
000
100
100
100
#869
100
100
101
000
011
011
000
000
011
011
100
111
111
001
001
001
#870
001
001
000
111
111
100
100
111
111
110
010
011
011
011
010
010
#871
010
010
011
000
011
101
101
000
011
011
010
011
011
111
111
001
#872
001
001
001
100
100
101
101
100
100
100
010
011
011
001
001
011
#873
011
011
011
100
101
100
100
100
101
100
010
011
011
011
010
010
#874
010
010
011
000
110
111
111
000
110
110
000
001
001
111
111
101
#875
101
101
100
001
111
100
110
001
111
111
011
000
000
100
101
101
#876
101
101
101
001
111
110
100
001
111
111
001
011
011
001
000
110
#877
110
110
111
001
001
111
111
001
001
001
000
000
000
110
110
010
#878
010
010
010
000
100
101
101
000
100
100
011
010
010
010
010
010
#879
010
010
011
011
010
010
010
011
010
011
100
100
100
100
101
111
#880
111
111
111
000
110
111
101
000
110
110
000
010
010
110
111
001
#881
001
001
001
100
100
101
101
100
100
100
010
010
010
010
010
010
#882
010
010
011
001
111
111
101
001
111
111
000
011
011
110
110
010
#883
010
010
010
001
001
000
000
001
001
001
111
111
111
101
100
010
#884
010
010
010
100
101
010
010
100
101
100
100
100
100
000
000
000
#885
000
000
001
001
011
000
010
001
011
011
111
101
101
111
111
011
#886
011
011
011
100
101
100
100
100
101
101
010
010
010
011
011
011
#887
011
011
011
000
011
010
000
000
011
011
100
111
111
011
010
000
#888
000
000
001
011
101
100
100
011
101
101
011
011
011
101
101
011
#889
011
011
011
011
011
111
111
011
011
011
000
000
000
100
101
011
#890
011
011
010
011
011
010
010
011
011
011
100
101
101
011
010
010
#891
010
010
011
100
101
011
010
100
101
101
100
101
101
001
001
001
#892
001
001
001
011
011
111
111
011
011
011
000
000
000
100
100
110
#893
110
110
111
011
010
010
010
011
010
010
100
101
101
101
100
010
#894
010
010
011
000
001
111
111
000
001
000
000
001
001
001
000
000
#895
000
000
001
011
111
110
000
011
111
111
000
111
111
011
010
010
#896
010
010
011
000
110
111
101
000
110
110
000
011
011
001
001
001
#897
001
001
000
000
000
000
000
000
000
000
111
110
110
000
001
101
#898
101
101
101
000
110
101
101
000
110
110
010
011
011
111
111
001
#899
001
001
001
001
001
100
100
001
001
001
011
011
011
111
111
101
#900
101
101
101
111
111
011
011
111
111
111
100
100
100
000
000
010
#901
010
010
011
001
101
010
010
001
101
101
100
101
101
011
010
010
#902
010
010
010
000
110
100
100
000
110
110
011
010
010
110
111
011
#903
011
011
010
011
011
100
100
011
011
011
010
011
011
011
010
010
#904
010
010
010
001
101
110
000
001
101
101
000
110
110
010
010
010
#905
010
010
011
111
000
011
011
111
000
001
101
101
101
001
001
011
#906
011
011
010
000
110
100
100
000
110
110
011
010
010
000
001
101
#907
101
101
100
011
011
100
100
011
011
011
011
011
011
011
010
110
#908
110
110
110
111
111
100
100
111
111
111
011
011
011
011
010
010
#909
010
010
011
011
011
000
010
011
011
011
111
101
101
111
110
010
#910
010
010
011
011
011
100
000
011
011
011
011
111
111
111
110
110
#911
110
110
111
011
111
111
111
011
111
111
000
000
000
000
000
110
#912
110
110
111
001
111
101
101
001
111
111
010
010
010
110
111
011
#913
011
011
011
000
111
011
010
000
111
111
100
101
101
111
110
000
#914
000
000
001
001
011
000
010
001
011
011
111
101
101
111
111
011
#915
011
011
010
001
001
100
100
001
001
001
011
010
010
100
100
110
#916
110
110
111
000
111
010
010
000
111
111
100
101
101
111
111
101
#917
101
101
100
001
001
110
110
001
001
001
001
001
001
101
100
110
#918
110
110
111
000
111
100
100
000
111
111
010
011
011
001
001
001
#919
001
001
001
000
111
111
110
000
111
111
000
000
000
101
100
000
#920
000
000
000
001
001
110
000
001
001
000
001
110
110
010
010
010
#921
010
010
010
100
101
010
011
100
101
101
100
101
101
010
010
010
#922
010
010
011
000
100
100
100
000
100
100
011
011
011
011
010
010
#923
010
010
010
000
100
101
101
000
100
100
010
010
010
010
010
010
#924
010
010
011
100
111
101
100
100
111
111
010
011
011
011
011
011
#925
011
011
010
011
001
110
000
011
001
001
000
110
110
010
010
010
#926
010
010
011
001
001
010
010
001
001
001
100
101
101
001
000
100
#927
100
100
101
000
011
100
000
000
011
011
011
111
111
111
111
011
#928
011
011
011
001
111
100
100
001
111
111
011
011
011
111
111
011
#929
011
011
011
100
100
111
111
100
100
100
000
001
001
011
011
001
#930
001
001
001
000
000
110
100
000
000
000
001
010
010
100
100
000
#931
000
000
001
011
101
100
100
011
101
101
010
010
010
100
101
011
#932
011
011
011
001
001
110
110
001
001
001
000
001
001
001
000
110
#933
110
110
111
001
101
101
100
001
101
101
010
011
011
111
110
010
#934
010
010
010
011
011
000
000
011
011
011
110
111
111
111
110
010
#935
010
010
010
001
101
100
100
001
101
101
011
010
010
100
100
110
#936
110
110
111
110
111
110
110
110
111
111
000
000
000
011
011
011
#937
011
011
011
001
001
010
010
001
001
001
100
100
100
110
110
110
#938
110
110
110
000
011
100
011
000
011
011
011
101
101
100
101
001
#939
001
001
000
011
011
010
010
011
011
011
100
100
100
010
011
011
#940
011
011
011
011
011
100
100
011
011
011
011
011
011
101
100
010
#941
010
010
011
001
001
000
000
001
001
001
111
111
111
101
101
011
#942
011
011
010
000
000
000
000
000
000
000
111
110
110
000
001
001
#943
001
001
000
001
111
100
100
001
111
111
011
010
010
000
001
011
#944
011
011
011
011
011
000
000
011
011
011
110
110
110
100
100
110
#945
110
110
111
000
110
011
011
000
110
110
100
101
101
111
111
101
#946
101
101
101
100
101
011
011
100
101
100
100
101
101
011
010
010
#947
010
010
010
011
111
100
110
011
111
111
011
001
001
011
010
110
#948
110
110
111
100
110
101
101
100
110
110
010
011
011
111
111
011
#949
011
011
011
100
100
111
111
100
100
100
000
001
001
011
011
011
#950
011
011
011
000
110
000
000
000
110
110
110
111
111
011
010
010
#951
010
010
011
100
011
100
100
100
011
010
011
011
011
101
100
010
#952
010
010
010
011
011
000
000
011
011
010
111
111
111
111
110
110
#953
110
110
111
001
111
111
111
001
111
110
000
001
001
111
110
100
#954
100
100
101
011
010
111
111
011
010
011
000
000
000
010
011
011
#955
011
011
010
110
110
101
100
110
110
110
011
011
011
111
111
011
#956
011
011
010
011
001
000
110
011
001
000
111
001
001
101
100
110
#957
110
110
111
000
000
010
010
000
000
000
100
101
101
011
011
101
#958
101
101
101
001
111
111
111
001
111
111
000
001
001
111
111
111
#959
111
111
111
001
001
000
000
001
001
001
110
111
111
111
110
110
#960
110
110
111
011
011
111
111
011
011
011
000
000
000
000
000
110
#961
110
110
111
100
100
111
110
100
100
100
000
000
000
011
010
010
#962
010
010
011
011
011
011
011
011
011
011
100
100
100
100
100
010
#963
010
010
010
001
111
000
000
001
111
110
111
111
111
111
110
100
#964
100
100
101
011
011
000
000
011
011
011
110
111
111
011
010
110
#965
110
110
110
011
101
000
000
011
101
101
110
111
111
111
110
110
#966
110
110
110
110
111
100
101
110
111
111
010
011
011
010
011
011
#967
011
011
010
001
001
110
110
001
001
001
001
001
001
111
110
010
#968
010
010
011
110
111
011
011
110
111
110
100
101
101
001
000
010
#969
010
010
011
000
111
011
001
000
111
111
100
111
111
011
010
010
#970
010
010
011
011
010
111
111
011
010
011
000
000
000
100
101
111
#971
111
111
110
011
111
100
110
011
111
111
011
001
001
111
110
110
#972
110
110
111
000
011
110
001
000
011
011
001
110
110
000
001
101
#973
101
101
101
000
001
000
000
000
001
000
111
111
111
111
111
101
#974
101
101
101
100
101
111
111
100
101
101
000
001
001
001
001
001
#975
001
001
000
011
011
110
110
011
011
011
000
001
001
011
010
010
#976
010
010
011
011
011
010
010
011
011
011
100
101
101
101
100
010
#977
010
010
011
100
101
101
101
100
101
101
010
010
010
110
110
000
#978
000
000
001
001
001
011
011
001
001
001
100
100
100
110
111
101
#979
101
101
100
111
001
000
001
111
001
001
111
111
111
010
010
010
#980
010
010
011
111
011
111
001
111
011
011
000
111
111
010
010
010
#981
010
010
011
100
100
111
110
100
100
101
000
001
001
011
010
010
#982
010
010
010
001
001
100
100
001
001
001
011
010
010
000
000
100
#983
100
100
101
011
101
100
100
011
101
101
011
010
010
100
100
010
#984
010
010
011
001
111
010
010
001
111
110
100
100
100
110
110
110
#985
110
110
111
100
011
111
110
100
011
011
000
001
001
011
011
001
#986
001
001
001
001
111
011
011
001
111
111
100
100
100
110
111
111
#987
111
111
110
100
100
100
100
100
100
100
011
010
010
010
011
011
#988
011
011
010
001
111
100
100
001
111
111
011
010
010
100
100
100
#989
100
100
101
111
111
101
101
111
111
111
010
011
011
011
011
011
#990
011
011
010
000
001
110
110
000
001
000
001
000
000
000
000
100
#991
100
100
101
000
000
100
101
000
000
000
010
010
010
000
001
011
#992
011
011
011
011
101
100
100
011
101
101
011
010
010
100
101
011
#993
011
011
011
000
000
110
110
000
000
000
000
000
000
010
010
010
#994
010
010
010
001
001
110
000
001
001
000
001
110
110
010
010
010
#995
010
010
010
011
011
000
000
011
011
011
111
111
111
111
110
010
#996
010
010
010
110
111
100
100
110
111
111
011
011
011
011
011
011
#997
011
011
011
001
110
101
100
001
110
110
010
011
011
111
111
011
#998
011
011
011
100
101
101
100
100
101
101
010
011
011
001
001
001
#999
001
001
000
000
110
000
110
000
110
110
111
000
000
000
001
101
#1000
101
101
101
100
101
010
010
100
101
101
100
101
101
111
111
001
