#1
0000UUU100000000UUUU
10110010110100000101
01000010110110100010
11000110110011100111
01111101110010111010
00101010010101110101
11101011000110011000
11101100000111101110
11101100000111101111
10000000101111011100
11100111101100110010
00010011100110110001
00010011100110110001
11010110000000100110
01111111000001101111
01111111000001100011
00111001101111011100
01110101101100110010
00011001010101110001
11101011000110011000
01101101000111011011
01101000010001001011
10101000001001001101
10101000001001001101
00011001100100011101
10100000111001000101
01011101000000101011
01111111000000100011
00111001101111011100
11000100000000101100
01010101100110110011
01011100100110110011
#2
01010011111111001101
11010100010001010110
11010100010100110110
11100100001001100110
11100100010000000001
00010110101001110110
00010110010101000101
01101110001000000101
01101110001000001110
11110111001110011001
00101010001100011101
10011010110110110100
10011010110110110100
10011100100000100100
10011100001000010010
01001000001000010010
00101011111100001001
00101110101000001111
01001100000011101111
01001100010101000101
10110000010101010100
10110000110001000100
10110000010000010010
10110000010000010010
10000000000000011000
01011101100111110010
01011101010000101110
01001000010000100010
00101011111100001001
00011101100110101001
11010101000110110010
11011000000110110010
#3
11011011111010011000
00001000110101011100
00001101110100101100
00001001110111101000
00100110110111100001
10010101100101110110
11110101000101110000
01001000111011001010
10110011100100000001
10011001100110111000
00000000100110110100
01110000011101010100
01110000011101010100
11100111001000000100
01101110001000000100
11100110001000000011
00001001000101000001
11010101000100010000
00111010011101010100
11111010000101010000
00101010000100111101
00101000110111001101
00101000000011001101
00101000000011001101
00001011011110011000
11111111101100011000
10000000000000100000
11100110000000100011
00001001000101000001
01011010001010100001
01110000010000110111
00101010110001010111
#4
00101100101001100111
10110011110111010111
10111011110100110111
11110110010001110110
11110110010010001001
10110011011101011100
10110011000100011100
11010001010111111100
11010001010111111000
01101001110100101011
01101001110100101011
01110011011100011011
01110011011100011011
01111111001000001011
01111111001000001011
00100110001000001001
00100110001000000010
00010101001010000001
10010001111111001101
10010001000100011101
10110011011101111101
10111111100101101101
10111111000000101101
10111111000000101101
01100000001001001001
11100011010101111001
11100011100010111010
00100110100010111001
00100110001000000010
01110101001101110010
00100110101110011000
00101111101110011000
#5
00100001100100111100
11010100100000110110
11010100100010110110
10100110110011100011
10100110110011101101
00111110111010101111
00111110000010100010
01011100000011111110
01011100000011111111
11011001110111111000
11010111001111111000
10010111111111011000
10010111111111011000
10011010111010101000
10010110001010101000
10100110001010100011
01100110001000001010
10010101001001010010
00101110101010001111
00111110000010000010
10011101100111110010
10010010101000100010
00010010100100101101
00010010100100101101
00001000110011101001
11100110101111101001
11100110000000101001
10100110000000100011
01100110001000001010
01011101101110011010
10110111111111010011
10111100111111010011
#6
10110010011100000101
10001001110100001100
11111001110111101111
11100101111001110010
11100101111001111011
00010011011110011000
00010011000100100001
01001110000110100001
01001110000111101011
01110000001100000001
01110101001100000001
10010101101111010001
10010101101111010001
10010010001000100001
10010010001000100001
01101111001000101011
00001111000110001001
01011100000110101011
00010011011100011000
00010011000100100001
01111111000100110001
01110001010001100001
10100001100101001101
10100001100101001101
00101011001100001001
10100011111000001001
10100011001011111111
01101111001011111011
00001111000110001001
11110111111000111001
01101110101110011010
01101111101110111010
#7
01100001110011111110
11010110100010100110
11010110001100101101
11010101000011100010
10110101110000011001
01111111000101111111
10001100100011111110
01001100001111100000
01001100001111101001
01111100000011100011
00111011000000011101
11001011010110111010
11001011010110111010
01101110001100011011
11100111001100010011
10010011001100011001
01000011101110001001
00111011101100100001
00111011111001111111
10001100100011111110
10010001101011010100
10010010111111100100
10010010010100000100
10010010010100000100
11010101000011010010
11000110100011100111
11011101010100101101
10010011010100101001
01000011101110001001
00000000000000101001
01111111001100010001
01111010001100011101
#8
01111000110011000101
11000100000011001110
11000100110111101110
00011110101010010000
00011110111000010000
01111101001101111010
10111101111101110010
11100110000100100010
00100110111000101000
01000101000110101011
11000011001110100001
01000010010110101011
01000010010110101011
11010101001100101011
01100101001100101011
00101010001100101001
00101010101000000010
00010001101000000001
11010101001101100111
10110101111101100010
01001001100111011000
01001011111101001000
01001011011001000000
01001011011001000000
01001011000010101011
00111111101111101111
00111111011001010100
00101010011001011001
00101010101000000010
00111110101100010010
01000110001010111010
10110011101110110101
#9
10110111111111001101
00011100100011001110
00011111001010011110
10010110110011100100
10010110101111101001
00011000110101111100
01111000001101111100
11111111111001111100
11111111111001111000
11111001111011011111
11110110111011010111
10000011100110111000
10000011100110111000
10001111010000101000
10001111010000101000
10000110010000100110
10000000001001100011
10110101001001110101
00111011110011111110
01111011001111111110
01001100001111011110
01000100110001001110
00100100101001001110
00100100101001001110
00001000100000011010
11100011011000011010
11100011000000101000
10000110000000100110
10000000001001100011
10010101100110100011
00011001100110110010
00011111100110110010
#10
00010001010111001110
00011001110101011110
00011001110111111110
11110111011100100011
11110111011111100111
10010001011111001101
10010001000101100110
00101010111001000110
00101010111001001110
01101010101010011011
01101101101010111011
11110011101101000001
11110011101101000001
11111010101010100001
11111010101000100010
00010101101000100010
00010000000101100111
00100101000100000001
11100110001000001111
11100110000101100110
10110111000100110110
10110010011010110110
10110010001001000110
10110010001001000110
01010011011110101011
00111010111000011011
00111010001011111110
00010101001011110010
00010000000101100111
00110111101000110111
11110011101101000001
11111100101101000001
#11
11110110001000000100
01111001110111000011
00011101100111110000
01111001111111010011
11100100111101111111
01110111001000100011
10100010000000000010
10011000111111010100
11100110111111001000
01110100110011110111
01011001110011110010
01111111110110110010
01111111110110110010
00111110101000000001
00101110101000000001
10011011101000000100
10010000110101010100
01001111110110101011
00101010011001000111
10100010000000000010
10110011000010111011
10110101000101111011
00111111101100000001
00111111101100000001
01000100000000111010
00101110101010001001
01011101100100110010
10011011100100110100
10010000110101010100
01001010011010100100
11100110101010001011
01111011101010011011
#12
01111011111010001011
11010101010101111011
11011111001000001011
11010000010111110100
11011110001000100001
00011001010001100111
11010101010110100010
01011101110111110010
00011100110111111010
01111011111110010011
11000111011111100100
01110101010101110100
01110101010101110100
01111011000100100100
01110000001100010000
10000100001100011100
00000010101010001011
11010101010111110001
11000101000101100111
11010101010110100010
10001101110111001101
10001000110101001101
11100110111010101101
11100110111010101101
01100000001000010000
10110011111111010000
10110011101010100011
10000100101010101100
00000010101010001011
01010101000110111011
01010000010110110100
10001101010110110100
#13
10001001110111001101
00011001110101010000
00011001110111110000
00101010111000100010
01111111111011111111
01111111001000000011
01110001010101100100
11100110010100100100
11100110010111111110
01110011011110011001
01111001011110101000
01111001011101010100
01111001011101010100
01111010111010111011
01111010111000110010
01001100111000110010
11010100000000000110
00110111000000110011
01111111001000000011
01110001010101100100
10110011010100100001
10111010111011000001
10110100010101010100
10110100010101010100
01111111001100000001
11100110001000000001
11100110001011111110
01001100001011110010
11010100000000000110
00101010001000100110
01110011011100110010
01111100011110101011
#14
01110110011011100111
01011101010111100010
10000001100000100010
01101011111011101001
11100010011011101101
11000111010010111010
11000100100010111110
01001100000111100000
10001111101111101000
11010001010110110110
11010001010110110110
10010000100010111010
10010000100010111010
11000110101100101010
11100010011000101010
01101110011000101101
01101110000000100011
10010101000000010000
01001100001111100111
11000100100011101110
00111011100000011110
00110101010101001110
01101110001001001101
01101110001001001101
10100100000001101101
01101110001101101101
11000110010000101110
01101110010000101101
01101110000000100011
00100101101000000011
01001000100110111000
00011001111010111011
#15
00010001000000000010
01011101000000000110
01010001011001010110
11110100110111110110
01110100110100000001
10100111001100100011
01001100011011100010
11011100011011110110
01101110101010011000
00110001101100010001
00110111101101100100
10001100111011001011
10001100111011001011
01111111001101011011
11000110001000101011
01101110001000101010
00111011010100011101
11000011010010111010
00100100000001100111
01001100011011100010
01011101011011101101
01010010001100011101
01001100001011111110
01001100001011111110
00001001011101011000
11000011010011111110
00101010010100111101
01101110010100111010
00111011010100011101
00100010011011111101
01101110111111101101
11111001111111001101
#16
11110001000100010000
11010100000011010110
00010100001000010110
10010011111011010011
10010101111001110010
00111010011101010100
01111101000110110100
11100100000101100100
11100100000111111110
10101011111110011101
10101111111101111101
00111111101100011101
00111111101100011101
00111111011001001101
00111111011000101101
11000100011000101110
00010010000101010000
11010111000111110001
00011011011110011000
01111101000110111000
11110101000111111000
11110010001000001000
10110011111100010000
10110011111100010000
00101011011111011001
00011110101010001001
00011110011011111110
11000100011011111110
00010010000101010000
01011100011011100000
11100110111111111111
11101000111110101111
#17
11100101111011000010
01111001110100110010
01011101110111110010
11000100111111001101
11000100111101100111
00010011011100100001
11010111000100110001
01011101000111110001
11000000110010101000
00111010101101011101
01000101000001010010
01111111101100110010
01111111101100110010
01110101001001010010
01000110001011100010
11000101001011100010
11000100000110100100
11010110000110110111
00110011010001100111
11010111000100110111
11101111101000111011
11100110110100111011
11100110000001101011
11100110000001101011
11000010011001100001
00011010111010010001
10000011001001000101
11000101001001000010
11000100000110100100
01111111101101110100
00001000101111001101
01011101100111111101
#18
01011110100010101100
11010001110110101100
11011101110110111100
11110110011001100111
11111110011001100001
10110011111101100111
10010001101110010010
11111111101111100111
11111111100010001000
01101001001100011011
10011101101100011011
01000111010110101011
01000111010110101011
01101111000100111011
11100110000100111011
01100110000100111000
01100000010001101010
00010101010010010001
11010101001101110111
10010001101110010010
10110111000100110010
10111101101111010010
10111101001011010010
10111101001011010010
00001000110010001001
00111011111110001001
01001010000010101011
01100110000010101000
01100000010001101010
01110101000100111010
01110110000000100011
01111111110111010011
#19
01110001110111001100
01101110110011101110
01100001010100111110
01001001110111111010
11101001001011110011
01100011011100010001
11010011010100010001
01101110010100110001
01101110010111101000
00111011111100000001
01010001110100000001
10111111111101010001
10111111111101010001
10111001001000010001
10110010011000010001
01100100011000011011
00000101010110000010
01011101010100010001
00110000010001100111
11010000010101100111
11111011011110110111
11110010111011010111
11110010011101000101
11110010011101000101
00101111101100001001
11110111111000001001
11110111001000000001
01100100001000001011
00000101010110000010
01111011111100110010
00111011111100100011
00111011111110110011
#20
00111111111011001011
11001110110001011110
01001110110010101110
10010001111011010011
10010001111011010111
11011010010101110101
11110101000101110011
11100100010001100011
11100100101110011000
00111000101100000001
00001001101100001000
01100111011101011011
01100111011101011011
11110111000000101011
10000000011001001011
01110111011001000011
11100110001011110010
01010011000100000001
00111011110101111101
11110101000101110011
10110011000111110001
10111100110111100001
11010101001011110010
11010101001011110010
11000110001011101111
00111010111011101001
00001010100100111000
01110111100100110011
11100110001011110010
01011010101010110010
00110000101100010100
00111000111011001100
#21
00111011110011001101
01101101001001011010
01101101001011101111
11100001010101100010
10110011010111101111
10010101010101110010
10010101010101000100
11100101000101110000
11100101000101111100
01110111001110001001
01111001101110011001
01111001011001100111
01111001011001100111
01111110100010100111
01111110000000100111
01001000000000100011
01000011001100000001
01011101001000010011
11110111000000110010
11110101010101000100
10110011000100110100
10111000111101000100
10110110010101100111
10110110010101100111
11010101000100010000
11100110011000010000
11100110110101111100
01001000110101110011
01000011001100000001
01100001010101100001
01010101001010110010
01011000001010110010
#22
01010110000000100110
11010110011101010110
01000110011100111010
10110010111011010101
10110010111000000001
01001000011111011101
01001000000111010111
01001100000011111110
01001100000010001000
01001000010110101011
00001100100001100110
11110111111101010110
11110111111101010110
11111110001000011111
11110000011001000100
11100111011001001001
01111111000000000010
00011101100100000001
10100010011101000101
10100010000101000111
11100110001011101111
11100101001101111111
11011001010001110110
11011001010001110110
01110110001000000111
11110111001111110111
11111001000100111000
11100111000100111001
01111111000000000010
11000100001001100010
01101110101110001001
01101001101111011001
#23
01101001100010101001
11010101000110101001
11011001111111011111
11100110011001100111
11101010011001101101
11110110000100100111
11110110000000100010
11000101000011101111
11001100000011111000
01111001110111111111
01111001111111111111
01110111011101110011
01110111011101110011
01111000110011100011
01111000110011100011
00000110110011100100
00000000010000100010
00110101010001010001
11110110000100100111
11110110000000100010
10110011010101110010
10111010101110000010
10111010010001110000
10111010010001110000
00110000010001000001
11100110011101000001
11100110101110101011
00000110101110100100
00000000010000100010
01100011011100010010
01110110010001110110
01111111010010101100
#24
01111011111110011100
00001001110110011000
11001100100000101110
10100110110011100011
01110111110011100011
10100011110101111101
00010110100101110111
11000101100111100110
11000101100111101111
00111011101100010000
01101110101100011111
01111110001100011111
01111110001100011111
01111111000000101011
01110110000000100111
11110100000000100111
10011001101111010100
01010101101100010010
10110011010101110101
00010110100101110111
11010100100111110110
11011000110011100110
00111010101011101011
00111010101011101011
10010000000100110100
11101011011000111001
11101111100000101001
11110100100000100111
10011001101111010100
01000101001000000100
01110111001100010011
01111110001100010011
#25
01110101001111011100
01011101000101111100
01011010111010001000
00001010111010000011
11110111111010000111
01110111000000100011
01110111000000100011
11101010111010001111
10010110000000100111
11111000011101011100
11110101001101011111
11110101010101110110
11110101010101110110
11111010111010000110
00001110100010100110
11100111100010100011
01100111000000101010
00111111100110110001
01001100001011111110
01001100000000100011
10011111100110110110
10010110000000100110
11101100010001101111
11101100010001101111
10100110000000101101
01101110001000100001
00001010111010000100
11100111111010000011
01100111000000101010
10100101111001011010
01011101101111010011
00001000010101110100
#26
00000001110000100011
10111101100101000101
10111101110001100101
01111010111010000011
01101010001010001001
01000111001100111010
00000111100000110010
11010100100011100110
11100100010101101111
11010000010011110110
11010101110011111110
01111111010011110011
01111111010011110011
10001001110101101100
00101001101000101010
01111111101000100011
10110010000110000101
00001001110101111000
01100111001100111010
00000111100000110010
11111111011001000111
11110010111100100111
11110010011000100010
11110010011000100010
00011101101101110110
11100010011101111111
11100010001000001100
01111111001000000011
10110010000110000101
00100010001000000101
00101010111111011100
01111100000000110010
#27
01110110000000100100
11011101100100100100
11011101100100110100
11000110010011111110
11000110010011110001
00111101100101110111
01011101000101110111
11110101000101110111
00100101000101111000
01011001010110101011
10010111010110101011
01111101001100011011
01111101001100011011
01111001010100111011
01101001010100111011
11100110010100110001
11000000101010000010
11010101101000000001
00111101100101110111
01011101000101110111
10111101000111110111
10110101001101010111
01100101001001010111
01100101001001010111
00001000100010100001
11110011011110100001
11100011001100010001
11100110001100010001
11000000101010000010
10110101011101010010
11100110100010101011
10110111100010101011
#28
10110001001100010000
10011101101110110000
11010100000001100110
00111110100010100011
00111110100010101001
00111011011001110110
00101011001101111001
10011110100010100100
10010100110110100110
01001101100110111010
01000001001110111010
11101100110111111111
11101100110111111111
11010100000011100110
01110100000011100011
10100010000011101001
10100100010001100011
10000001010000010000
00111011110101111100
00101011001101111001
10011011100110011001
10010010000000001001
01110010011000000011
01110010011000000011
00010101000101010000
11100111001101010000
11100111010001101111
10100010010001101001
10100100010001100011
10000100010001100011
10101100110111111111
00001000100011111001
#29
00000001111111001101
10011001110111001101
10011001110100101101
11100010011000000010
10110011011000001111
01111111000000100011
10001000110000101110
01001100110011101110
01001100111111011001
11111011111110011000
11110001111110011010
11110001011101110110
11110001011101110110
11111000110011101110
11111000001100010000
10000100001100010011
00101010111000001111
10110000010001010100
00111001110111111110
10001000110011111110
00111011110000110011
00110010110011100011
11001100010011100011
11001100010011100011
01101110001000001111
01101110111000000001
01101110100010101010
10000100100010100011
00101010111000001111
00101010101000111111
11110011011100010010
11111110101010001101
#30
11111100100001000101
11011111000100110101
01011111000110110101
11100110011011111110
00101010011011110001
11000100001111100111
11000100001100100010
11010101001111110010
11010101001111111000
01011001110110101011
01011011101110101011
11010101100110111011
11010101100110111011
11011111001100101011
11011111001100101011
10100110001100100001
01001100110010100010
00010101110000000001
11010101001101100111
11010101001100100010
10010001000111010010
10011111101101000010
00010110001010011100
00010110001010011100
00000000010000000001
11111111011100000001
11111111101000110010
10100110101000110001
01001100110010100010
01010101010100110010
00100110101010111010
00101111101010111010
#31
00100101110111001101
10010001110101011101
11110001110101110110
01101110111010101010
01101110111001100111
01101110000100110111
11111110000000110010
11110111000010101011
11110111000010101000
00101010101010011011
00100001101010011011
11110111011100111011
11110111011100111011
11111010001010011011
11111010001010011011
01000101001010011010
10000000000011000010
01011111000010101011
01101110000100110111
11111110000000110010
01011011000010110010
01010110111011000010
10000110110011001110
10000110110011001110
10100000011001000001
00111010111010010001
00111010001000010000
01000101001000011010
10000000000011000010
11110111011100110010
10110011101100110010
10111111101100110010
#32
10110000011101010100
00101010110100001101
00101010001010101101
11110110010101110111
11111110010101110001
01111111010101110110
01111111001101110110
10010001111011000110
10010001100110111001
01101001110111101011
01101111110111101011
11010101100110111011
11010101100110111011
11011100000000101011
11010110001000000111
00010110001000000101
00010000001101110110
11100101001101100001
10110011010101110100
10110011001101110100
11010101001111010100
11010011010001000100
11010010001000000101
11010010001000000101
00110011000000010010
10110011111100010010
10110011000000101011
00010110000000100101
00010000001101110110
01010101000000100110
10100010100110111011
10101111110011101011
#33
10101101100111011100
11010001010011010110
11010001010010100110
11100101011001110011
11101110011011111111
11110000011101010100
11110000000101100001
11100101000101100001
11100101000101101011
01111010101110001101
01111101101110111010
01110111001100011010
01110111001100011010
01111111101011101010
01110110101011101010
00000101101011100011
00000000011001000111
00110101011001100111
11110110001000000111
11110110000101100001
10110111000100110011
10111110101011000011
10110001001100010001
10110001001100010001
00110000001001000011
10100010111000000101
10100010100010111010
00000101100010110011
00000000011001000111
01100101001101110111
01110111001100110011
01111111001100110011
#34
01110001111011001111
10101010110111011101
10101010101010001101
01011000111011000011
01011000010001110110
00111001011111011001
11000101001110110001
11100110001110111010
00000000001110111000
11110000011101010100
10100001111101001101
00100001101100001001
00100001101100001001
00101001111011001001
00101001111011001001
01101111111011001011
01001101010011100110
10010101010010000001
11100000011001000111
11000101001110110001
11011011010111110100
11010010110111100100
11010101000100110001
11010101000100110001
11000100000011111110
01111110101010001011
01111110001011111111
01101111001011111011
01001101010011100110
10010101001000000110
11110011011100010000
10010001011100010100
#35
10010101000110011100
11110111001010000011
11110101001000000010
10100101111011001101
01111111001101000101
00111011011101000101
00110111000101000101
11100110000111100101
01100110000111101011
00101010101010001011
10000000011011000110
11100110101111111111
11100110101111111111
11100000001001001111
11100100001000101011
01010101001000100011
00110000000111011100
01101111000100101011
10100011011101000101
10100111000101000101
10001010110011101111
10000110001000001111
10000011000001000101
10000011000001000101
10010000000100110000
00101110111010111011
01011001001000010011
01010101001000010011
00110000000111011100
11011101001010011100
11010111101111110011
11110111101111110011
#36
11111101110011001110
00011010111011111111
11110101111001111111
10010110111011010100
01110111111011010011
10111010111010000111
01111001000110000111
11010101000111110111
00011000000111110100
00110011101111010001
10111001010111010101
01110101101100110101
01110101101100110101
01111011001010110101
01110110001010110101
01011100001010110010
10011111000111001011
01001111101011001011
10110011111011010111
01111001000111010111
10110011111100011100
10111110111111011100
00101100100011011100
00101100100011011100
10000000000100111100
11101010011000111100
11101110001000001001
01011100001000000010
10011111000111001011
10001000111011001011
00110011101100100001
10000000101100100001
#37
10000100010001000101
10011100100101001110
10100001010100101101
01111101100111100011
10111101010000010000
00101110101001110110
11111110011101110110
01011101011111100110
11101101011111101001
00001100100010111010
00110010000100100101
01010010000110110000
01010010000110110000
00101100010100101110
01111100000000100011
01110011000000100011
00110011001000110011
00111011101100010000
00111110101101110110
11111110011101110110
00011000101111011100
00010111011101001100
11010111111101000101
11010111111101000101
00010011011110110000
01101101100111101010
01101101011100101111
01110011011100100011
00110011001000110011
01010000010001100011
01101010101010111010
01111011101010110011
#38
01111100101011001101
11010010011001110110
10001110110110101100
11100100000001100110
11100100110011101111
11110111001100100011
11110111011100100010
11000010011011100010
11000010110111111100
01111101100100110010
01111001100100110010
01010010001010110010
01010010001010110010
01011000111011000010
01010110111011000010
00110010111011000001
10100100110101011101
00110001110100010000
11110101001101110010
11110101011101110010
10110011011100010010
10111111100101000010
00001111011101001000
00001111011101001000
00110111000000100011
11100110001000010011
11101011101110101011
00110010101110100001
10100100110101011101
10100100011001001101
01010010001010110010
01011000100010100010
#39
01010111101010100011
00011001110101100100
01000010010000101010
11010000010111100100
00011100010100010000
11010001010101110110
11010001100101110010
00011000111011000000
00011011111010011010
01111001000100110100
00111111101100010101
10110011101100000001
10110011101100000001
10111110110100101110
10110110001100110110
11100110001100111111
10010001101110000011
00010010010000010000
11000000010001110110
11010000100101110010
10000101000111011100
10000100100101101100
00000011010101101000
00000011010101101000
00001000001000000001
11011100100011100110
11011101001000001100
11100110001000001111
10010001101110000011
10111110101001010011
10000010101110011100
10001000101111001100
#40
10001110101011001110
11010101000101110110
00101010111001000001
11100110001000100011
11100110001001100001
01101110101010101111
11110111001101111010
11101110001110101111
11101000001111001101
01111001110100110011
01111101110111110100
01111101011101010100
01111101011101010100
00011011111110010010
01111001011001000011
00100110011001001000
00010110100110011010
10110111100100110011
00001110101010001111
11110111001101111010
11000111001111101101
11001101100111111101
10111101110011110101
10111101110011110101
10010000000011010100
00001111101110011000
01001111000110101011
00100110000110101000
00010110100110011010
01001000111011001010
00110100101100000001
00111000101110010001
#41
00110001100011000000
10111111110111010000
10111110110111110000
01001100111011101010
11101110111011101111
00110011011001000111
11010011000000000010
01111111000000110010
01001100000001101000
11100011011010011011
01110001011010011011
01110001001100011011
01110001001100011011
10110011011100111011
01100011011100111011
01001100011100111110
01000000000001000010
11010101000011010001
00111011111111010111
11011011000000000010
01111011000000110010
01110010101111010010
01110010000100110000
01110010000100110000
00000000001100010100
00101110101000010100
00101110001000111110
01001100001000111110
01000000000001000010
01010101001000110010
10100110111000101111
11010101111000111111
#42
11011000111011000101
11100000010001101110
11000100010011101111
01101101110011101010
01110110110011100111
10111010010001110110
01111111100000100011
11001100100011101111
11001110100011101000
01011000100110111011
01101110100110111111
11010001100110111111
11010001100110111111
01101100000000101110
01101100000000110010
00100111000000110000
00001001001100010001
11010101001110110001
00111010010001110110
01111111100000100011
11010100100011010110
11011011110101000110
10101011101101001101
10101011101101001101
10001001001100000001
10111010111000000101
11111010001000110010
00100111001000110000
00001001001100010001
01011100000000100001
00000110100010111010
00001111100010111010
#43
00000101011101010110
00011101100101010000
00000100000000101100
01101000111011001011
11101000001111000101
10100011011100010111
11110000000100010100
10011110100110100000
11101111011010101111
00011000110111111100
01110111001111110101
01101111111111011011
01101111111111011011
01100010001000001011
11100100001001001111
01100111001001000011
01100100000101010100
00000001010101111100
00100011011101010101
11110000000100010100
11011101100111111100
11010110010001101100
11100010011001101111
11100010011001101111
01011101000000111110
01111110111000111001
00100110011001001011
01100111011001000011
01100100000101010100
10000100001001000100
00101011101110011001
01111000001110010101
#44
01110000111011000100
11010100000001000110
11011101100111110110
01111101100111110011
00000001010110001001
11111010011001001111
01001010010001001010
11100100010001100111
10010000011001100100
01110001011101010011
00001010101010001100
10011010101110011100
10011010101110011100
11001011110010101011
01111110001100010000
01101110001100011000
00001111101110110010
00111011110000000001
00111101100111110111
01001101010011111010
10110000000001000101
10110011110110010101
10110011010010010101
10110011010010010101
10100100000001101001
11101101000001110010
01101110110010101011
01101110110010101000
00001111101110110010
00101110101001010010
11100100000001101011
00001000001100111011
#45
00000101000100010000
00001000110000011110
00000111110000101110
11010100010011100110
11010101010001111111
00101000011101010100
11110111000101010011
11011101000111101010
11100110000111101001
10000000101111011100
00000101100011011010
00010101101110010000
00010101101110010000
00011110001001100000
00011110001001100011
01111111001001100011
00011111000100010000
01001100000101110110
00101010010001110110
11110111000101110011
01111111001010100011
01110110001000000011
00001000000000000011
00001000000000000011
10000000000000110010
00101010111010000010
00101010000100101111
01111111000100100011
00011111000100010000
11010100001001100000
11100110101111111111
01111111101111111111
#46
01110100100001110110
10011001111111010110
10011001111101100110
11010101111011110011
11010101111011110001
00111011011101010101
00111011000100010000
01101110000100100000
00011110000100101111
01101001110100101011
01100111110100101011
01110010000000110010
01110010000000110010
01111111001000000010
01111111001000000010
10100110001000001001
10100000001000000011
10010101001010000001
00001000011011000111
00001000000100010000
11011101000111110000
11010111101101100000
11010111001000100011
11010111001000100011
10000000101011000001
11110011011111000001
11110011001000101111
10100110001000101001
10100000001000000011
01011101001000100011
10100110101110011001
10000100101110011001
#47
10000111001100011100
11010101100100011100
01000101100100101010
00111010111111101101
01111010111111100001
00111010010001100111
00111010001101100101
10011000110011100101
00110010110011100101
10000000110011101011
10001010011011100111
01011100100110110110
01011100100110110110
01011111011001000110
11100110001001000110
01101111001001001011
11011111001111111000
00001100100011100101
00111010010001100111
00111010001101100101
10000000110011011110
10000100000001001110
11110111011001000011
11110111011001000011
00001000010100010100
01111111011100010101
00101010001100100101
01101111001100101011
11011111001111111000
11010101000100111000
11110111100110110011
10100010100110110011
#48
10100010011000000100
10011101100100000100
10010101001111010100
01101110110011111110
01101110110011111101
00110111100110100011
11110111000100110011
01011101000111110011
00101000110011111000
00011001101011011011
00010111101011011011
10010111100110111011
10010111100110111011
10010111000100111011
01100111000100111011
01100110000100110110
00001000110011100010
01010101110001110001
00110110100100100111
11110110000100110111
01011101000111010111
01010001010101010111
10100001110011100111
10100001110011100111
00000101000101111000
01101110001101111000
11101110001000100011
01100110001000100110
00001000110011100010
10111101001001010010
01101110100010101011
10111101100110101011
#49
10111001110011101101
11010111011101011101
11010111110111111101
11010100000011100110
11011010110011000001
01101110001100101111
01101110010101111111
11100110000100111111
11100110111011001100
01111110101110010011
01111011100110110011
01011011000110110011
01011011000110110011
01011110101110110011
01011110001010110011
00010001001010110000
00010001001100000001
10100010000100111001
01001100001111111110
01001100010101111110
10110001001101011110
10111010111111001110
10111010010001001110
10111010010001001110
10000000000010011000
01111111000100111000
01111111110100101100
00010001110100100000
00010001001100000001
11010101000110100001
01110111000000110010
01111000101110010010
#50
01111100110011101111
11010101010101111111
11011101100110101111
11110010011101010101
11111010101001010001
10000011111011000111
10000001000111000111
11110101000111100111
11110101000111101001
01101110101010001011
01101101110110001011
01110011001100111011
01110011001100111011
01111110101010001011
01110110001000101011
00010001001000100011
00010000000100010000
00100010010100101001
11100001010101100111
11100001000101100111
10110111011101010111
10111111111111100111
10110100000011100111
10110100000011100111
01000000010010100011
11110111011110100011
11111010101110011001
00010001101110010011
00010000000100010000
01110001001101010000
01110010001100010000
01111011001100010000
#51
01110001000000000000
10011101100110110000
11011101100101110000
01101110101010101011
11101110101001000001
00110111001000100011
11110111010100100011
01011110101010100011
01011110101010101000
00011001110111111011
01110111110110111011
10011101111111111011
10011101111111111011
10010001011101011011
10010111011101110011
01100110011101110000
00000100010001100110
01110011011001000101
00110100000001100111
11110100010101100111
01011101010111010111
01010010001100010111
10100010010101010100
10100010010101010100
00000011011001000101
00011111100110110101
00011111011001100110
01100110011001100000
00000100010001100110
01010110001010110110
01001100111011101111
01001011111011101111
#52
01000101111011001111
00101010110101001101
00101010110101101101
11100101011001110011
11110111011001111111
01001100000011111110
11111001000110101001
01111110000111101001
01111110000110101001
10111011101110001001
10110001101110001001
11110001011101011001
11110001011101011001
11111010001010001001
11111010001010001001
11000100001010000011
00001101100111011100
11110111100100100011
00101010010001110110
11111001000110101001
00111011000101111001
00110110110111101001
10111100101110010101
10111100101110010101
10110000101101000101
00101010111001000101
00101010101010111011
11000100101010110011
00001101100111011100
11100101001001111100
10110011101100010000
10111111101111110000
#53
10110100110001100101
01011101010101100101
01010101000100100101
10100010110011101110
10100010110000000001
00111011010101110110
11111011000101110110
01011101010111100110
01011101100010101001
01010001010110111010
01010111010110111010
10010111101110011010
10010111101110011010
10011011000100101010
10011011000100101010
01101110000100100001
11000000001000000011
01011101001000010000
00111011010101110110
11111011000101110110
01011101000111110110
01010111111101000110
10101110101001000110
10101110101001000110
11000100000010100001
11010111001111110001
11010111000000100010
01101110000000100001
11000000001000000011
10010001101110010011
10100010100010111010
10101011110111111010
#54
10100001100010011010
01001100110111101101
01001001111100101000
11100001011101010000
00011000111011011111
10100000011001110111
00110000100110101010
11101001011001110111
11101001011010101011
01111001111111001101
01101100111001111110
11111100011001110110
11111100011001110110
10110010101001010101
11110111101001011011
10000110101001010111
10000001000101010000
11110110000100100111
01101110001111111110
00111110100110101010
10110110010000100111
10110010101110000111
10110010000100000101
10110010000100000101
00001000010100111100
01101110001000100110
10010010001000000100
10000110001000000111
10000001000101010000
10110101101001010000
11110110011101110101
11111110011111111110
#55
11110011100000000001
11010000011101000110
11010000011100100011
11000100010011100110
11000100010010011001
00111010110111111111
10101010100101001101
01101110100100111101
00011110100111110000
01111001110100110011
00011001110111011100
01111111101100100011
01111111101100100011
01111111001100100011
01111111001100100011
10100110001100101000
11010101000111111010
10010101000111011001
01001111001111111111
10101111100101001101
10110011100101000101
10110000101101000101
10101001110011101111
10101001110011101111
00001001010100011000
11100011010001100111
11100011000000101110
10100110000000101000
11010101000111111010
01011000000000101010
11100110011010111110
10001111011010100100
#56
10001101110011011010
11010101010111010110
11010101100000101000
10000010110011100011
10000010110011101101
10110010011101110101
10110000000100110000
11100110000100100010
11100110000100101001
01110101110000110010
01110111001100110101
01010001000110110101
01010001000110110101
01011110001000100101
11110111001000100011
10111010001000101001
10110101001100010100
00110001001101010010
10100010011101110101
10100000000100110000
10001101100111011100
10001110111101001100
01111111001100000001
01111111001100000001
00010100000010010110
11100110001110010001
01000011000010101001
10111010000010101001
10110101001100010100
00000100000000100100
01010010001110110101
01011011001110110101
#57
01011001110011101111
11010101010101110101
11010101110000100101
01001110101010000011
01001110110101111101
01101101001001111011
01101101011001111011
11101110001110100001
11101110111010101001
01111100100100110010
01110001001100110010
01110001011101110010
01110001011101110010
01111000011001001001
01111000000100100000
00110011000100100001
01011011010110011000
11000100000011111110
01101100001001110110
01101100011001111011
00011011100110111011
00011010111111001011
00011010010101100101
00011010010101100101
11110111001011110011
00001110101010000011
00001110111011011110
00110011111011010001
01011011010110011000
00101110101000001000
01110111000100110000
01111011101100110000
#58
01111001111111001101
00011001110101011101
00011001110111101101
01011010111010000011
01011010111010000111
00011101100101111000
00011101010101110110
11100110010100100110
11100110010100101101
01110111101010000011
01111001101010000011
01111001011101110011
01111001011101110011
01111100100000100011
01111100100000100011
00011000100000100011
00011000000110010000
00101011000100101001
00011101100101111000
00011101010101110110
10110011010100110110
10111010110011000110
10111010010011000101
10111010010011000101
00001101100111111000
00111110101011111000
00111110001001001111
00011000001001000011
00011000000110010000
00111010111000010000
01110111000100110010
01111010000100110010
#59
01110111001000000011
11000001010100001110
11010001010100110111
10000101111011001111
11100101111000010001
00110011011101010111
00110011100100010111
11101110100101100111
10100110100110101100
00011001110111111011
01111111101111100100
11100110101110011000
11100110101110011000
01110101001001111000
01010101001000110010
01100110001000110100
10111110000001000010
01010111000000110001
00110011011101010111
00110011100100010111
11000101000111101101
11000100000101101101
10100100001000110010
10100100001000110010
11110011011110110001
00111001110111101111
11011001001000011110
01100110001000010100
10111110000001000010
01011101001111010010
01101110101110011100
00111000101111111100
#60
00110001101110001001
00011001111111001101
00010101011001101101
11110110001001110111
10100110011001110001
00111011010001110110
11111111101101110111
11001100100011100111
11001100100011101111
11100110101010001111
01110001011110001111
11110001010101111111
11110001010101111111
11110010011000101111
11110010011000101111
00011001011000100011
00000011011110111100
10000001011110000001
00111011110001100111
11111111101101100111
00111011110101110111
00110010100011100111
10101110101011101001
10101110101011101001
00001000010100010100
01111111101100010100
01111111111100111111
00011001111100110011
00000011011110111100
01011101010000101100
00111011111100010110
00111000111100010110
#61
00110110010000100111
10011101100111010111
11011101100111110111
01101110101010111010
11101110101010110101
00110111001100010000
00000111101010000010
01101110101010110010
11101110110111001101
11010101000111111011
01110001000111111011
11011011111110111011
11011011111110111011
11010000001000001011
01100000001000001011
01101010001000000100
11000100010111100100
01010001010101010001
00110111100110110011
00000111101010000010
10011011101111010010
10010101011101100010
10100101111001100010
10100101111001100010
00000011001010000011
00111110101110000011
11101110011001111110
01101010011001110100
11000100010111100100
01010010011000100100
01101010101110011000
01111000100010011000
#62
01110001110111001100
00111011110101010100
11011011001100010111
01011000111011000010
01011011111010011110
00000111001000000011
00001000000100000000
10110011111011011001
00100010111010001000
01110111001110011001
01011111101110010010
01001111101110001001
01001111101110001001
01001010011010001001
01000100011001101001
01001000011001100010
01001000000100110010
10010001011101010010
00101010011101000101
00001000000100000000
11010101000111111011
11010010111011011011
01101000011011000100
01101000011011000100
01111101100100110011
01101110010001100011
01101110001000011111
01001000001000010010
01001000000100110010
01001000001000000010
11110111001100100011
10110011001111010011
#63
10110000011001000101
10011000110110011100
10011000110100111100
00011000110011100000
00011000110000000001
00111011110111100111
11011011001010000010
11011101001011110010
11011101001011111010
10110011101100010001
10000110000100100111
00011001100110110111
00011001100110110111
00011111000000100111
00011111000000100111
01101100000000101010
01101100001100000001
01011110001110110111
00111011110101110110
11011011001010000010
00111100101111011110
00110011010101001110
00110011010000110010
00110011010000110010
00001000000100010000
11000011010011111110
11000011000000100010
01101100000000101010
01101100001100000001
01011101000000100001
11100110100010111010
11101111100010111010
#64
11101000110011101111
10110001111101000101
01100010001000110010
11100110010001110110
11100001000100111000
10100011011001110110
11100111100001111010
11100100100001110110
11101000101110011100
01111001100010101011
01111111100010101011
00010001100110111011
00010001100110111011
00011000101011001011
00010110101011001011
00000110101011000011
00010000100010101010
01110101100000100011
10100011011001110110
11100111100001111010
10110101100001011010
10111011111111101010
10110010101111100101
10110010101111100101
00010000100100010000
11001100111011000000
11001100100110101001
00000110100110100011
00010000100010101010
11001100101010001010
01110110001100010000
01111000111011000000
#65
01110101100011001010
11110101000101111010
11111111100100111010
10100010111001001101
11000100101011101101
10110001011001010111
10110101000101010111
11100101000101110111
11100101000110001000
11101011011010011011
11100101100110011011
10110101101101111011
10110101101101111011
10111111111010111011
10111111111000101011
11010100111000100110
11010110000101100100
11110101000101110001
10110001011001010111
10110101000101010111
01111111001100010111
01110110101110010111
01110000010010010111
01110000010010010111
01100100000001100011
01101110001100010011
01101110001000011000
11010100001000010110
11010110000101100100
00110001001000010100
10110100101101100101
10111011101111010101
#66
10111101110111001100
00001001110101011000
01101111110101101011
11100110111001101111
01111110111000110111
00110111101100010011
01111110000100010111
11100111000100110010
11101000110011101000
10101001101101001101
01000101100001000010
00010011101110010010
00010011101110010010
10110100001001100101
11001111001011111110
11010110001011111110
00011000000101001100
01010101000110110011
10110011011001000111
01111110000101000111
01101111001010101011
01101110111011011011
10001110000001001100
10001110000001001100
00101011011010011001
00111010111011000101
00110111001000110110
11010110001000111110
00011000000101001100
10110101111001111100
00110011101100100011
00111111100110110011
#67
00110111111011001011
11000110010101111110
11000110001100011110
10000010111011001111
10000010000000100001
00110001010101110111
00110001001000000010
01011101001011110010
00111101001011111000
11101101100101111011
01111111100111111011
01011111011110111011
01011111011110111011
01011011001000001011
01011011001000001011
10100010001000001100
00100010100000000010
00011011100010010001
00110010010001100111
00110010001000000010
11010101001011110010
11010100110101100010
11010100010101110100
11010100010101110100
11100110000000100001
00111101111111010001
00111101100000100011
10100010100000101100
00100010100000000010
10110011111100010010
10010000101110010100
10101011101110011100
#68
10100001111111001101
00001100100001011110
00001100100000101110
00011111101110010000
11001111101111101111
00110010010001110110
11001101100101111000
00101110101010101000
00101110101011101111
11100110000000101111
11100001000000101111
11110001011101010111
11110001011101010111
11111001010100100111
11111001010100100111
01111001010100100011
11100001011101010010
10000000011100000001
00111001110001100111
11001101100101101000
00111011100100111000
00110010110011101000
10101000100111101000
10101000100111101000
00000011011100010000
11100110001000010000
11100110011001011100
01111001011001010011
11100001011101010010
01110010011000110010
00111011111100010010
00111010111110110010
#69
00111011011110111010
11010101010110110010
11011100100111100010
10000010110011100100
10000010101011101001
10100010011111001101
01111111000111001011
00001110101011101001
00011010101000010101
10110001111101011000
10110001110101011000
10110111111100100011
10110111111100100011
10111011001000100011
10111011001000100011
01101110001000100011
10010001000110110000
01011111000110110010
10110011011101011100
01111111000101011011
01111011011101011011
01111000010001101011
00101000110001100101
00101000110001100101
10000000110000111110
11100111011100111110
11100111100100101000
01101110100100100011
10010001000110110000
00100001001001010000
01010010101110010101
10000000101101000101
#70
10001001110010111010
11010100010010110110
11011111001010101011
11100001011001000011
00111000010101000001
11010010010111101111
11010001010101100111
11100111011001000111
11101011011001001001
01111001110111101011
10010000110110010100
01110101000100110010
01110101000100110010
01111011111111101001
01111011111111100011
00000110111111100101
01010101000101110010
00100101000100001001
11010010010101110101
11010001010101100111
10111010010100001101
10111010111110101101
10110100000101010100
10110100000101010100
00110101000000110010
11101111100010111010
11101111101110011001
00000110101110010101
01010101000101110010
01000000010000100010
01110010011101010101
01111000011101010101
#71
01111001110011011110
01011101010111010110
01011101010111101111
00001100100011100011
00111011100011101111
01101111001001111011
11101111011001111010
11101100000001110110
00011100000001110000
01111111101010011011
00111001001010010011
01111001010011111110
01111001010011111110
01110110100100110110
11010101100111111110
10000000100111110010
11010100000000100110
00110000000001000101
11110111000100100011
11100111011000101010
10110011100000011010
10111010111111001010
10111010010001010100
10111010010001010100
00110011000010001001
11100110001010001001
01111111111111101011
10000000111111100010
11010100000000100110
11100101000101100110
01110111001100110001
10000000001100110100
#72
10001010110011000100
11011100011111100110
11101100011101100111
11100110000000100011
00101001000001011001
11100110001100111111
11000110011111101011
11100110011110101011
11100110110011001000
01111101100100110011
10111011100110011100
01111011011101011100
01111011011101011100
01010110101000110111
01110110001100110001
00100010001100111000
00010010100110111010
00010001000110011001
01101111001010101011
11001111011111101011
10110001001101010101
10111001111101010101
10111001011010010101
10111001011010010101
00111011000000010000
11101111001110101011
11001111010111101111
00100010010111101000
00010010100110111010
01101110001000011010
01000100001010101011
01001011100110011011
#73
01001100100001110110
11010110000100100111
11011101110111100111
10010010110111100101
10011110101011100001
10000011010101111100
00110111001110000001
11110101001101110110
11111010001110001001
01111110100010100011
01111111111110100011
00100101100110111001
00100101100110111001
00101111000000101001
00100110001000101001
00010001001000100011
00110000001101010100
00100101010101100001
10110000010101111101
00110111001110000001
10010101010111010001
10011111101101000001
10010001010100100001
10010001010100100001
01000100000000011010
11110111001100011010
11111010100100111001
00010001100100110011
00110000001101010100
00010001000000100100
00100110100110111001
00101011100111011100
#74
00100000100000000100
11111011110100110100
11110110001000000111
01001000111011000001
01001100011000000001
00011101100001111010
00011101001001010010
00001100100011100010
00001100100011101010
11000001010010101011
10000100000001100100
10000010111011001111
10000010111011001111
10001101000100111010
00010110100100101001
01101110100100101111
00001000000101000100
11100101010101000101
01111111001100111011
01111111001001010010
10001110101011001101
10000011101100011101
00101101101001011100
00101101101001011100
00001101100001111010
01011011110111110010
11000100001010000110
01101110001010001111
00001000000101000100
10110001001001010100
11100110011011101011
11101111011011101011
#75
11100101001000110010
10001001110110011000
10001001110101101000
01011110111010100011
01011110111001110110
00111011010101110100
11011001000101110110
10011010111010000010
01101010111001111010
10000000101111001101
10000101101101110010
00010101101110011000
00010101101110011000
00010111001001101010
00010111001000100011
01101111001000101011
00101010000100011100
01111110000101100111
00000101100001111010
11011001000101110110
01101111000111111011
01100110000100101011
01100110001001010101
01100110001001010101
10000010110101111100
00011010111010000001
00011010001001100110
01101111001001101011
00101010000100011100
01111110001000111100
01001100101111011101
11110111101100100011
#76
11110101001011000011
11010101100111001100
11011010001010001001
10100010111000000011
10110110111000100101
01111111001101000101
11101111100000100010
00011001110111111010
00011010011011110000
01110000010001100111
01111001010010001000
01111001010101111000
01111001010101111000
10010011001011010001
10110111001011010011
01111111001011011101
01110001000101100101
10110111000100100011
00101100101001100111
11101100100000100010
10110011100000000001
10110110000100100001
10110110010101110100
10110110010101110100
00011001010101110000
11100110101111011100
11100110001100111111
01111111001100111101
01110001000101100101
00000101100010100101
11000100101111011100
10000001001111011100
#77
10000010110000000100
10011101110100001100
10011101011111111101
01011110101010000010
00111110110011100101
01100110000100110111
10010110110111011100
01101110001000111001
11001110010100111110
01100101000101111011
01000001000011101011
00011001111111010000
00011001111111010000
01110101000100110011
00010101101110010000
01101010101110011000
00111010100000100010
00100010100010100001
01100111000100110011
10010111110111011100
01011011101010110010
01010001111101010010
11000001010100000100
11000001010100000100
00110011100100010011
11101110101100010010
11101110011001001100
01101010011001001000
00111010100000100010
00000110001000000010
00101110101010101011
01011000000010101010
#78
01010101000001110010
10110011110101010001
10111100010000100001
11000100000011100000
00101011101000001011
00111111101110011001
00100000001101000001
11001100100011101001
11001100100011011110
01000100000010111010
01001001100010111000
01101001101001001011
01101001101001001011
01101001001000000111
01101001001000010011
01111011001000011001
01110100001100100011
11000100000000010100
10110010011101010101
00100000001101000001
10110011001000110001
10110110001101100001
10110110010101100111
10110110010101100111
00011111101110011001
11100110011011110101
11100110110100101100
01111011110100101001
01110100001100100011
11100110011000100011
11000100101110011101
11001000101110001010
#79
11001001100111001000
11010101011101011000
11011110101011011000
11100111000100110000
10111010110010010101
11100110000000101111
11010101010001100010
11100110011101110010
11100110100101111000
01111110100110111111
01111001100010101000
01111001011101011000
01111001011101011000
10000000110011101000
10100010111000001000
10000001111000000000
00101101101000001010
10110011001100010101
10000000110011101111
11010101010001100010
10110011001000000001
10111010101010010001
01011001011111010101
01011001011111010101
00100010011000001001
11100110010001100111
01110100000001100111
10000001000001100000
00101101101000001010
01010001010110111010
01110100011101100111
01111001110001100111
#80
01110101000111001101
11010010010100000100
11010010001000000111
10000101111011000010
10000101001101011111
00100010011101010100
11110010000101111111
01001100000111100011
01111100000100100011
10110010101110010101
10110001010100110101
00010001101110010001
00010001101110010001
11110101001001110110
01110101001010101011
01011101001010100010
00101011000100001001
01100111000100110011
00001010011101011100
11111010000101111111
01011011111110011111
01010110001011001111
01010110001001010100
01010110001001010100
00000001001100011000
00101110111010101000
11001110001000001110
01011101001000000010
00101011000100001001
01010100001000101001
01111111101100110010
11100101101101111010
#81
11101001111111011110
11010101010111011110
11010101010100111110
11100111000100110000
11100111000100111001
11000100001011101111
11000100010111100101
11100110000000100101
11100110110100101101
01111110101010001111
10000000101010001100
01110000010101111100
01110000010101111100
01111111101101111111
01111111101101110011
10000001101101110011
10000000010001010010
00110001010001000101
11110111001100100011
11110111010100100101
10111010000001110101
10111010110010000101
10111010011010000001
10111010011010000001
11000101000011101001
11100110001111100111
11100110111011011101
10000001111011010011
10000000010001010010
10100010111000010010
01110101000101110001
01111000100001110001
#82
01110000111011000100
00111100101000111110
00011011111110011110
01101111100110111011
11101111100110111111
11011001010001100111
11111101100101100111
10011111100110110111
01101110100110111100
11110111100110110111
00000001100110111000
10110001100110111000
10110001100110111000
10110001010101111000
01101100001001001000
00001000001001001100
01100010011000000010
11110111000000000001
01010110000110100111
11111101100110100111
00111011100110100001
00110011110100010001
00001010111010000001
00001010111010000001
01100111001000001011
00101110101000001011
00000000010101110100
00001000010101111100
01100010011000000010
10110110101011110010
00001000110011101011
11111000110011101011
#83
11110001110101011100
01011101010101010100
01011101010101100100
01111110101010000011
10100010101010000101
01000111011111000101
10111011111111000101
01101110001010100101
01101110110111011111
11000100100110111010
11000001001110111010
10000001100110111100
10000001100110111100
10000011001000101100
10000000011001000011
00101011011001001001
01010101000110001001
01000100000101110110
00100111101000110011
10111011111100110011
00011011100110110011
00010010111001000011
10110000101001000101
10110000101001000101
01000011000100110010
01111110001100110010
01111110001100101111
00101011001100101001
01010101000110001001
00110110101100011001
00111111101110110011
00111000100010000011
#84
00110101100111011100
11010001010111011100
01100001010111101100
11110101011101010011
11110101011110000001
11100000011001000111
11100000000101000111
11000101000111100111
11000101000111101001
00101001101011001011
00100101111011001011
00011001101110011011
00011001101110011011
00011100001000001011
00011100001000100011
11010110001000100111
11010110000100010000
11100110000100100001
10000000011001000111
10000000000101000111
01111111010000110010
01110110101010000010
10100110110001000101
10100110110001000101
10000011100000100001
11110000010001110110
11110000001100011001
11010110001100010111
11010110000100010000
00010101101110010000
10110101101101110011
10111111101101110011
#85
10110101110111001100
01011101000101011100
01011101111011011100
00111011111000110010
00111011011111011100
01110111001100000001
01110111000101110001
01101110000100110001
01101110000100111110
00111011101110011001
00110001101110111001
11110001011101011001
11110001011101011001
11110010001010101001
11110010001010101001
01000100001010100010
01010100000100000000
01110111000100110011
01110111001100000001
01110111000101110001
00111011000100110001
00110110111011010001
00110110010001010100
00110110010001010100
01111111001100010000
01101010111000100000
01101010001011111110
01000100001011110010
01010100000100000000
00101010001000100000
00111011101100100011
00111100101100100011
#86
00110001100111011100
11010101000101011100
01100101001010101100
11110011011100110011
11110011011101000101
00001011111110001001
11010101000110001001
11100110101000001001
11101101101010111111
11101000111011001111
11101101111011001111
00011101101110011111
00011101101110011111
00011010111010101111
00011010111010101111
10010111111010100011
10010010011100000101
10000101011111000001
01101111001000001011
11010101000100001011
11110111000100111011
11110010101010001011
00001100001010001011
00001100001010001011
10100010001000001101
01011110101010111101
01011110011001111111
10010111011001110011
10010010011100000101
10110101111001110101
10110101111101110011
10111000111111100011
#87
10110011001111100001
10111101100101110001
11110110100010100111
00111101100111100001
00010110100110100111
10100111001111000001
10000100100010000010
00101010111000010001
01011101000011110010
11111110011010011111
00100001110000111001
00011001111111011110
00011001111111011110
00100110101001011101
00100110101011101111
10000001101011101110
11010001010101110110
01000111010110101011
01110111101000110011
10000100100010000010
00111011011000010000
00110000000001000000
01010000110111100010
01010000110111100010
10010000001111010100
10111110101001010100
00100110101000000010
10000001101000001110
11010001010101110110
00100110101001010110
00001000110110111110
11001000010110100001
#88
11000001110111111100
11011001110111110100
11011011111010011010
00101010111000010001
01111010001100010011
00101010111101111101
01011010000001000010
11100111000100110000
00010111000100111111
11110011011100011000
01100001111000011111
11110001010001110110
11110001010001110110
11111110111011101011
11111110111011100011
01101100111011100011
01100000000101000100
11110110000100100111
01010111001000110011
01010111000001000010
11011011010011110110
11010010111011100110
10110010111111100101
10110010111111100101
00000001010101110000
11101010011001111101
11101010001001001101
01101100001001000011
01100000000101000100
11000101010111100100
11110011011100010011
10001110011100011011
#89
10000001101011000001
10011001110111001100
10011001110111111110
01011010111010000011
01011010111010001111
00100100000001110110
11100100001100011111
01011111001110110010
01011111110010111110
11110010011010000111
11110101011110001011
01111011101110011011
01111011101110011011
01111101010100101011
01111101010100100011
01011101010100100011
00011000000101100101
10000100000101000101
00100000010001110110
11100000001100011111
10011111110111110010
10010010100100000010
10010010001000000101
10010010001000000101
00010101000101110000
00101010111001110000
00101010001001011111
01011101001001010011
00011000000101100101
01000000001001000101
10000100110011111110
10001100100111111110
#90
10001100100011100100
11010110001001010110
11011001110110111010
11110110010101110101
11111110010101111001
11110001010101110111
00000111100101111000
11110101010101110100
11111110010101111000
01101101100110101011
01101111100110101011
01110111001100111011
01110111001100111011
01111111100110111011
01110010011010111011
00010010011010110001
00010000001100000010
00100101001100001001
11110011010001100111
00000111100101101000
10110101100101111000
10111111101101011000
10110010010001010110
10110010010001010110
01010000000010110010
11100111001110110010
11101100100110111000
00010010100110110001
00010000001100000010
01100101001100010010
01000110000010101011
01001011000010101011
#91
01001011011110011100
11011100000110011110
11011110000000101111
10100110110011100101
10101010100000010011
00011001010101110100
00011001001100010000
00111010111000010100
01110110011100010101
01111000110011101011
01111100100001111110
11000101100110111000
11000101100110111000
11001110000000101000
11000101001100100001
00000111001100100011
11100111101001111011
11100100000001101001
10110010010101110101
10110010001100010000
11110110001011010111
11111000010001000111
11110000010001100111
11110000010001100111
10110011000100010001
10110000110011100110
10111011000000101101
00000111000000100011
11100111101001111011
00000001100010101011
01010111100110110011
11100110001010110111
#92
11101000010111000101
00011001110110010000
01111110001011111111
11000100111011101110
11110100111011100111
01100011011101001001
01100011000101111001
11110111000100111001
11000101000110101110
00100010101100011001
11101101101100011011
10100011101110011101
10100011101110011101
11100100001001101101
01101111001001101011
01011101001001101010
11000000010011000010
01111111010000110111
01101110100010100111
01101110000101110111
10110111000100110010
10111011011001000010
10001011110111001101
10001011110111001101
00001001001100011000
00111010111000010001
00111100001011101111
01011101001011101010
11000000010011000010
11010101001011110010
01000110101110111010
01011100101111110010
#93
01010110001000000100
10011101100100000100
11011101100101110100
01101001110111111010
11101001110111111111
00110000010001100111
10100000000101100000
01001100000111111110
00011100000110011000
00011001110011101011
00010101110011101011
00100101101100001001
00100101101100001001
01111111001100000001
01101111001100101011
01100110001100100111
00010110001010010010
01011101001000000001
00111011010001100111
10101011000101100000
01011111000110110000
01010101000101010000
10100101111001010000
10100101111001010000
00000100100000010110
01101110001000010110
01101110000100110100
01100110000100110111
00010110001010010010
01110010011000110010
01101110100010101011
10000000100011001101
#94
10000001111011101110
01011101010101111110
01011101010111111110
01101110001000100011
00111110001001010101
00011001110111111111
00011001011001110010
10101110101000010010
10101110101011101111
11111111101110011001
10110001100010011010
11110001011101111010
11110001011101111010
11111110101010001010
11111110000100110010
10000000000100110010
00111111101100010001
10110011101100000001
01111111001000010011
01111111011001110010
00111011001000010011
00110010110111110011
00110010010001100011
00110010010001100011
10000100000110000001
11101110100010101011
11101110101011001101
10000000101011000010
00111111101100010001
11100110001000110001
00111011111100000001
00111000111110110001
#95
00110001000000100011
10011101110100100011
10111101111101110101
01101100100011101010
01011101000111110101
00000101100001110010
01001000110011101111
01101110110010111111
10101110110001001000
11010001110110111011
10001111110101000101
00111111101110101011
00111111101110101011
11110111110111101011
01100111110111101011
10101110110111100000
11001000010011101110
01011101010000010001
01110111000110111000
01001000110011101111
10100101110011011100
10100010001100001100
01001100000011001101
01001100000011001101
00001001100011011000
01111110001000000011
11011110010100100110
10101110010100100000
11001000010011101110
00011101100111111110
01101110110111111100
00111011110100010010
#96
00110000110011100100
10011000110010001110
10011000110011111110
00101010111000000011
00111011111000001111
00101010010001100111
10110010101010010010
11011100010111110101
11011100100010101000
01110011011100010111
11110110011000010111
11110110011110101011
11110110011110101011
11110110011000110010
01111111011000110010
00001100011000111100
00101100101000000010
10000000101011000001
00101010010001100111
10110010101010010010
10111100110001111110
10110011111110011110
11100011011001101111
11100011011001101111
00011101100110001001
01101110111010001001
01001100000000111011
00001100000000111100
00101100101000000010
11100011011000010010
11100100000001101011
11101001110111111011
#97
11101100110001000100
10110001111101010100
10110001001100110100
11100110111111111101
11100110111000000001
11110011011111110111
11110011001111110111
10110001111111110111
00010001111111110000
01011101100110101011
01011011011101000100
00101011101010101011
00101011101010101011
00101011001100111011
00101011001000111011
00100010001000110001
11100110000000100010
11010101000100000001
11010101001111110111
11010101001111110111
10010001110111001101
10011111111101011101
10011111011001011101
10011111011001011101
10100000000001000001
10110011111011111110
10110011001100110001
00100010001100110001
11100110000000100010
01011101000111110010
00100010101010101011
10000011101010101011
#98
10000101001111001101
11011001110111001101
11111001110111101111
00001010111010000011
00001010111010001011
01110111001110111010
01110111000010110010
00001010111010101011
11011010111110100110
11111001111011010111
11000001111011011010
00011001101111010000
00011001101111010000
11111010110111111100
01111010001111110001
10010110001111110110
01000111000000111010
11110010011000000111
01100111001110111011
01100111000010110010
01111011010001100011
01110110000000100011
00010110001100100001
00010110001100100001
01011111000010110010
11100011011010110010
10010011001011010100
10010110001011010110
01000111000000111010
00111010001000011010
11011001101111010010
01001100101011010011
#99
01000101110000100011
10010001110101110111
10011101110100101011
11100101011011101111
01010101011000010010
11010101011101110110
10001000100011000010
10110011111000100001
01111011011111011111
00011001101110010000
01101110101101010100
00110011101100010011
00110011101100010011
00000000000000100000
01001101000000100010
11100110000000101111
11100011000000110010
00010110000000010000
11100110000000100111
10001000100011000010
10110100100011011101
10110110111100101101
10000100001011011100
10000100001011011100
10110011101100010001
10001000110011101100
01011010001010000110
11100110001010001111
11100011000000110010
11010101001000000010
10100010101111011100
11100110001010001100
#100
11101100101010001110
11001010010001011110
01101010010000101011
11110100011101000101
11110111011110100011
10010011010001100111
01011100000101100000
11110001111011001111
11110001111011001000
01111010001110010001
01111001110111110001
00110001101101010001
00110001101101010001
00111010101010010001
00111010101010010001
01010101101010010010
01101111000100000000
01100101000100111001
10010011010001100111
01011100000101100000
10110011011101110000
10111111100110110000
00001001100110111000
00001001100110111000
01100000001001001011
10111010111001011011
10111010001010101001
01010101001010100010
01101111000100000000
00110101001000110000
01110100001101000001
01111111001101000001
