

#1
231
2321
2311
2233122331
23112331
223312
2311
2233122331
232233
23112331
223312
223312
232233
2311

#2

2312
1321
1232
2331
1321
32
1232
2331
2331
32
1321

#3

2321
1321
22
2321
232132
1321
22
23
2321
232132
232132
23
1321

#4

3212
1321
3333
331322
3231
1321
3333
3332
331322
3231
3231
3332
1321

#5

2321
2113
23223211
232111
223213
2113
23223211
322323
232111
223213
223213
322323
2113

#6

1322
1312
11
3212
113321
1312
11
23
3212
113321
113321
23
1312

#7

2132
1213
2121
112132
21121332
1213
2121
23
112132
21121332
21121332
23
1213

#8

1322
1312
3131
3212
131312
1312
3131
3332
3212
131312
131312
3332
1312

#9

3122
3112
33
3212
3312
3112
33
3332
3212
3312
3312
3332
3112

#10

3212
3112
333232
333122
3321
3112
333232
332322
333122
3321
3321
332322
3112

#11

1223
3112
3131
331223
131123
3112
3131
32
331223
131123
131123
32
3112

#12

3221
2113
2312
3213
2113
23
2312
3213
3213
23
2113

#13

2321
2131
22132213
2123
22133211
2131
22132213
233223
2123
22133211
22133211
233223
2131

#14

1322
1312
11
3122
131312
1312
11
32
3122
131312
131312
32
1312

#15

1322
1132
11
132112
113123
1132
11
32
132112
113123
113123
32
1132

#16

2132
3211
2132
3132
3211
32
2132
3132
3132
32
3211

#17

1223
1132
22
1223
1233
1132
22
2322
1223
1233
1233
2322
1132

#18

2312
3112
2312
2313
3112
32
2312
2313
2313
32
3112

#19

1232
3112
1232
3132
3112
32
1232
3132
3132
32
3112

#20

2132
1321
2121
3221
21133221
1321
2121
23
3221
21133221
21133221
23
1321

#21

2123
3121
33
323321
3123
3121
33
32
323321
3123
3123
32
3121

#22

3212
3121
3212
3321
3121
32
3212
3321
3321
32
3121

#23

1223
1231
11
1223
113123
1231
11
32
1223
113123
113123
32
1231

#24

2321
2311
22
2213
2331
2311
22
2232
2213
2331
2331
2232
2311

#25

2312
1123
1232
2313
1123
32
1232
2313
2313
32
1123

#26

3122
3112
11
3122
331112
3112
11
32
3122
331112
331112
32
3112

#27

2321
3211
3232
322313
322312
3211
3232
32
322313
322312
322312
32
3211

#28

3221
2131
321321
2132
32212311
2131
321321
3332
2132
32212311
32212311
3332
2131

#29

2132
1312
33
321332
2331
1312
33
32
321332
2331
2331
32
1312

#30

3212
1231
33312312
332123
31232121
1231
33312312
3332
332123
31232121
31232121
3332
1231

#31

2321
2131
21232123
2123
21232131
2131
21232123
233223
2123
21232131
21232131
233223
2131

#32

3212
1231
33123132
312323
31221321
1231
33123132
3332
312323
31221321
31221321
3332
1231

#33

2213
2113
2121
2123
21221313
2113
2121
23
2123
21221313
21221313
23
2113

#34

3221
3211
33
333221
3321
3211
33
32
333221
3321
3321
32
3211

#35

2123
1231
2323
2213
1323
1231
2323
223323
2213
1323
1323
223323
1231

#36

3212
3121
33
333212
3321
3121
33
32
333212
3321
3321
32
3121

#37

2321
2311
2323
2123
2331
2311
2323
233223
2123
2331
2331
233223
2311

#38

1322
1132
3113
13311232
131132
1132
3113
32
13311232
131132
131132
32
1132

#39

2321
3211
32231221
323123
32211321
3211
32231221
2322
323123
32211321
32211321
2322
3211

#40

2321
1321
2132
1323
1321
23
2132
1323
1323
23
1321

#41

1322
1132
3113
13312132
131213
1132
3113
32
13312132
131213
131213
32
1132

#42

1322
3112
33
3122
3312
3112
33
3332
3122
3312
3312
3332
3112

#43

2312
3112
33
332312
3231
3112
33
32
332312
3231
3231
32
3112

#44

1322
3112
11
3122
311312
3112
11
32
3122
311312
311312
32
3112

#45

1322
3112
11
1322
311312
3112
11
32
1322
311312
311312
32
3112

#46

2213
2113
2213
2133
2113
23
2213
2133
2133
23
2113

#47

2312
1231
231231
2312
123311
1231
231231
232332
2312
123311
123311
232332
1231

#48

3212
1213
3122
3213
1213
23
3122
3213
3213
23
1213

#49

3122
1321
11
3122
311321
1321
11
32
3122
311321
311321
32
1321

#50

2231
3211
3223
323231
322123
3211
3223
23
323231
322123
322123
23
3211

#51

2321
2311
232223
2231
232231
2311
232223
232233
2231
232231
232231
232233
2311

#52

2321
2311
232232
2132
232231
2311
232232
233232
2132
232231
232231
233232
2311

#53

1232
1312
2312
3231
1312
32
2312
3231
3231
32
1312

#54

2123
1123
2121
2123
121133
1123
2121
2223
2123
121133
121133
2223
1123

#55

2321
2131
3232
3221
3213
2131
3232
322323
3221
3213
3213
322323
2131

#56

1232
1123
2312
1233
1123
23
2312
1233
1233
23
1123

#57

2312
1123
2121
121123
2133
1123
2121
2223
121123
2133
2133
2223
1123

#58

2132
3121
321321
3221
21313212
3121
321321
3233
3221
21313212
21313212
3233
3121

#59

2132
1312
1223
1233
1312
32
1223
1233
1233
32
1312

#60

1232
1213
11
112213
2313
1213
11
32
112213
2313
2313
32
1213

#61

2132
1321
1331
13123321
121331
1321
1331
32
13123321
121331
121331
32
1321

#62

2132
2113
323211
312211
21321213
2113
323211
3233
312211
21321213
21321213
3233
2113

#63

3221
1321
11
321211
3213
1321
11
23
321211
3213
3213
23
1321

#64

3221
3211
3221
3321
3211
23
3221
3321
3321
23
3211

#65

2132
1321
1313
13313221
1332
1321
1313
23
13313221
1332
1332
23
1321

#66

3122
1312
132312
113122
13123212
1312
132312
3233
113122
13123212
13123212
3233
1312

#67

2231
3121
3131
32312311
3123
3121
3131
23
32312311
3123
3123
23
3121

#68

2123
1321
213213
13223131
213223
1321
213213
23
13223131
213223
213223
23
1321

#69

3221
2311
2233
323321
322321
2311
2233
23
323321
322321
322321
23
2311

#70

2123
1321
2321
1323
1321
23
2321
1323
1323
23
1321

#71

1322
1132
11
1322
113213
1132
11
32
1322
113213
113213
32
1132

#72

3221
2131
32213221
3221
21332121
2131
32213221
323322
3221
21332121
21332121
323322
2131

#73

3221
2311
3322
3221
322321
2311
3322
3332
3221
322321
322321
3332
2311

#74

1322
3112
333311
31331122
133112
3112
333311
3332
31331122
133112
133112
3332
3112

#75

2312
1231
11
131221
1323
1231
11
23
131221
1323
1323
23
1231

#76

1223
1123
1223
1323
1123
23
1223
1323
1323
23
1123

#77

1223
1123
1212
112123
11221323
1123
1212
23
112123
11221323
11221323
23
1123

#78

1223
1213
1313
21313213
2133
1213
1313
32
21313213
2133
2133
32
1213

#79

2132
1213
2121
131221
21132213
1213
2121
23
131221
21132213
21132213
23
1213

#80

3212
1321
3321332212
313322
32132112
1321
3321332212
332322
313322
32132112
32132112
332322
1321

#81

1223
1231
1232233213
12313213
12122331
1231
1232233213
322323
12313213
12122331
12122331
322323
1231

#82

2123
1213
2121
112213
2133
1213
2121
2223
112213
2133
2133
2223
1213

#83

1232
1312
1331
13133122
131132
1312
1331
32
13133122
131132
131132
32
1312

#84

3122
1123
3122
3213
1123
32
3122
3213
3213
32
1123

#85

1223
3121
3322
331223
3213
3121
3322
3222
331223
3213
3213
3222
3121

#86

2123
1312
1223
2313
1312
32
1223
2313
2313
32
1312

#87

1322
1123
3232
3212
1323
1123
3232
323223
3212
1323
1323
323223
1123

#88

3122
1312
1313
113122
1332
1312
1313
3323
113122
1332
1332
3323
1312

#89

1232
1132
33
3122
1332
1132
33
3323
3122
1332
1332
3323
1132

#90

3221
2311
33
3221
3231
2311
33
3323
3221
3231
3231
3323
2311

#91

1322
1231
132132
1322
113231
1231
132132
323322
1322
113231
113231
323322
1231

#92

3122
3112
33
3212
3132
3112
33
3332
3212
3132
3132
3332
3112

#93

2132
1321
213231
3212
21132312
1321
213231
2333
3212
21132312
21132312
2333
1321

#94

3221
3121
33
333221
3312
3121
33
32
333221
3312
3312
32
3121

#95

3221
2311
33
3221
3231
2311
33
3323
3221
3231
3231
3323
2311

#96

1232
1132
11
123112
2313
1132
11
32
123112
2313
2313
32
1132

#97

2132
1321
123213
13213321
123232
1321
123213
23
13213321
123232
123232
23
1321

#98

3221
2131
3131
23321131
3231
2131
3131
23
23321131
3231
3231
23
2131

#99

2231
2113
2121
2123
21223113
2113
2121
23
2123
21223113
21223113
23
2113

#100

2321
2311
22132231
2123
23213211
2311
22132231
323223
2123
23213211
23213211
323223
2311

#101

2231
2113
2231
2313
2113
23
2231
2313
2313
23
2113

#102

2231
3211
23312331
23321131
3123
3211
23312331
232233
23321131
3123
3123
232233
3211

#103

2132
1312
1223
3213
1312
32
1223
3213
3213
32
1312

#104

2321
2113
22
2213
223213
2113
22
23
2213
223213
223213
23
2113

#105

3212
1321
22
3221
321322
1321
22
23
3221
321322
321322
23
1321

#106

3212
3121
33
333221
3132
3121
33
32
333221
3132
3132
32
3121

#107

3122
1321
33
3122
3312
1321
33
3332
3122
3312
3312
3332
1321

#108

3212
1321
11
131221
1332
1321
11
23
131221
1332
1332
23
1321

#109

3212
1312
3212
3123
1312
23
3212
3123
3123
23
1312

#110

3122
1231
3131
33121231
3231
1231
3131
32
33121231
3231
3231
32
1231

#111

2321
2113
22
2321
2313
2113
22
2223
2321
2313
2313
2223
2113

#112

1223
1213
2323
1223
1323
1213
2323
232323
1223
1323
1323
232323
1213

#113

2231
3211
3223
323123
321223
3211
3223
23
323123
321223
321223
23
3211

#114

2231
3211
3221322331
32213131
321223
3211
3221322331
232233
32213131
321223
321223
232233
3211

#115

2321
2131
2121
2213
22313211
2131
2121
32
2213
22313211
22313211
32
2131

#116

3212
1312
3232
1322
3231
1312
3232
332322
1322
3231
3231
332322
1312

#117

3221
3121
3232
3212
3231
3121
3232
323322
3212
3231
3231
323322
3121

#118

2123
2113
222112
221113
221233
2113
222112
2223
221113
221233
221233
2223
2113

#119

1232
1231
33
312332
3132
1231
33
32
312332
3132
3132
32
1231

#120

3221
2113
33
3212
3213
2113
33
3323
3212
3213
3213
3323
2113

#121

1232
1123
32311323
13231123
111323
1123
32311323
323232
13231123
111323
111323
323232
1123

#122

1232
1123
311232
131122
111332
1123
311232
322332
131122
111332
111332
322332
1123

#123

1322
1123
11
131122
131123
1123
11
23
131122
131123
131123
23
1123

#124

2123
1321
22
2231
213223
1321
22
23
2231
213223
213223
23
1321

#125

2321
2113
3221
3213
2113
23
3221
3213
3213
23
2113

#126

2321
3211
2332213321
322133
23321121
3211
2332213321
232332
322133
23321121
23321121
232332
3211

#127

2123
1321
2123
1323
1321
23
2123
1323
1323
23
1321

#128

3122
3112
331331
31331122
3312
3112
331331
3332
31331122
3312
3312
3332
3112

#129

3221
2311
33
3221
3231
2311
33
3332
3221
3231
3231
3332
2311

#130

2312
3112
233323
313223
2331
3112
233323
233223
313223
2331
2331
233223
3112

#131

3221
3121
32331231
32312131
3312
3121
32331231
323223
32312131
3312
3312
323223
3121

#132

3221
1321
133313
13322113
1332
1321
133313
3323
13322113
1332
1332
3323
1321

#133

1223
1123
11
111223
1323
1123
11
23
111223
1323
1323
23
1123

#134

3221
3121
3131
33123211
3312
3121
3131
23
33123211
3312
3312
23
3121

#135

2123
3112
3131
32131312
3123
3112
3131
32
32131312
3123
3123
32
3112

#136

3212
1231
11
3122
312311
1231
11
32
3122
312311
312311
32
1231

#137

2231
2131
221221
2213
21322131
2131
221221
2322
2213
21322131
21322131
2322
2131

#138

2123
2113
2323
2321
1233
2113
2323
232233
2321
1233
1233
232233
2113

#139

1223
1312
1223
3123
1312
32
1223
3123
3123
32
1312

#140

2321
2113
22312321
2231
21232131
2113
22312321
232323
2231
21232131
21232131
232323
2113

#141

1232
1213
3122
1332
1213
23
3122
1332
1332
23
1213

#142

2321
2131
22312321
2123
22312311
2131
22312321
232323
2123
22312311
22312311
232323
2131

#143

2321
3211
22
2231
2331
3211
22
2232
2231
2331
2331
2232
3211

#144

2321
2311
2312332213
231323
23123121
2311
2312332213
233223
231323
23123121
23123121
233223
2311

#145

2213
3211
2323
232133
3123
3211
2323
2232
232133
3123
3123
2232
3211

#146

3212
3112
1232
3312
3112
32
1232
3312
3312
32
3112

#147

2231
2113
22
2231
2133
2113
22
2223
2231
2133
2133
2223
2113

#148

2123
3211
21212323
2123
32121123
3211
21212323
322323
2123
32121123
32121123
322323
3211

#149

2213
3211
33
332123
3213
3211
33
32
332123
3213
3213
32
3211

#150

1232
1123
11
111322
111323
1123
11
23
111322
111323
111323
23
1123

#151

2321
2311
2233223131
23231131
223321
2311
2233223131
232233
23231131
223321
223321
232233
2311

#152

1223
1123
1122
111223
1233
1123
1122
2223
111223
1233
1233
2223
1123

#153

1322
1312
1313
1322
113312
1312
1313
3332
1322
113312
113312
3332
1312

#154

1223
1312
11
2132
131213
1312
11
32
2132
131213
131213
32
1312

#155

3221
2311
3221
3231
2311
23
3221
3231
3231
23
2311

#156

2123
2131
3131
32113231
3231
2131
3131
32
32113231
3231
3231
32
2131

#157

2132
1321
231321
311221
21133221
1321
231321
2333
311221
21133221
21133221
2333
1321

#158

1232
1123
2112
111322
12132123
1123
2112
23
111322
12132123
12132123
23
1123

#159

2123
1213
12212323
1223
12211323
1213
12212323
223323
1223
12211323
12211323
223323
1213

#160

2132
3121
2121
2132
32112132
3121
2121
23
2132
32112132
32112132
23
3121

#161

2321
2113
2321
2313
2113
23
2321
2313
2313
23
2113

#162

1232
1123
11
131122
131123
1123
11
23
131122
131123
131123
23
1123

#163

2123
3121
213213
2132
311213
3121
213213
233223
2132
311213
311213
233223
3121

#164

2312
1321
33
312332
2331
1321
33
32
312332
2331
2331
32
1321

#165

1232
1231
32123313
31123312
12123132
1231
32123313
3233
31123312
12123132
12123132
3233
1231

#166

1322
1132
3311
131122
131213
1132
3311
3332
131122
131213
131213
3332
1132

#167

3122
1312
3311
3122
311231
1312
3311
3332
3122
311231
311231
3332
1312

#168

1232
3112
3131
31321312
3123
3112
3131
32
31321312
3123
3123
32
3112

#169

3122
1132
33
1322
3123
1132
33
3332
1322
3123
3123
3332
1132

#170

2321
2113
2321
2313
2113
23
2321
2313
2313
23
2113

#171

3221
2113
3322
3221
322213
2113
3322
3323
3221
322213
322213
3323
2113

#172

2132
2131
2121
123121
221332
2131
2121
23
123121
221332
221332
23
2131

#173

3122
1312
3131
33112312
3321
1312
3131
32
33112312
3321
3321
32
1312

#174

3221
3211
333322
333221
332221
3211
333322
3332
333221
332221
332221
3332
3211

#175

2213
2131
2123
2313
2131
23
2123
2313
2313
23
2131

#176

3212
1312
11
321112
1323
1312
11
23
321112
1323
1323
23
1312

#177

3122
1132
3122
1323
1132
23
3122
1323
1323
23
1132

#178

3212
1321
1313
1322
132311
1321
1313
3332
1322
132311
132311
3332
1321

#179

1223
3112
3311
31321123
131123
3112
3311
32
31321123
131123
131123
32
3112

#180

1223
1123
1223
1323
1123
23
1223
1323
1323
23
1123

#181

2132
2113
2211
211132
221323
2113
2211
23
211132
221323
221323
23
2113

#182

2321
2311
222323
223133
223321
2311
222323
2223
223133
223321
223321
2223
2311

#183

3212
1312
133133
13133212
1332
1312
133133
3233
13133212
1332
1332
3233
1312

#184

2123
1213
112323
112123
1323
1213
112323
223323
112123
1323
1323
223323
1213

#185

3212
1312
13321332
13131322
1332
1312
13321332
323232
13131322
1332
1332
323232
1312

#186

1232
1231
3231223132
31123132
12312231
1231
3231223132
323232
31123132
12312231
12312231
323232
1231

#187

2123
3121
312231
31223311
312223
3121
312231
23
31223311
312223
312223
23
3121

#188

2213
2131
22132213
2213
21321213
2131
22132213
232323
2213
21321213
21321213
232323
2131

#189

3122
1312
312312
3122
31213212
1312
312312
3323
3122
31213212
31213212
3323
1312

#190

2312
3121
233233
233312
3231
3121
233233
232332
233312
3231
3231
232332
3121

#191

2213
2131
2213
2313
2131
23
2213
2313
2313
23
2131

#192

3221
1321
13233123
13312231
132322
1321
13233123
3233
13312231
132322
132322
3233
1321

#193

3221
3121
33
332321
3321
3121
33
32
332321
3321
3321
32
3121

#194

2132
2311
2132
3132
2311
23
2132
3132
3132
23
2311

#195

2123
1321
22
2213
132223
1321
22
23
2213
132223
132223
23
1321

#196

1223
3112
33
331223
3123
3112
33
32
331223
3123
3123
32
3112

#197

2132
1321
132321
131221
12133212
1321
132321
3233
131221
12133212
12133212
3233
1321

#198

1232
1312
13123323
13113232
1323
1312
13123323
233232
13113232
1323
1323
233232
1312

#199

1223
1132
31132323
13113232
111323
1132
31132323
323223
13113232
111323
111323
323223
1132

#200

2312
1213
23131323
11321323
2313
1213
23131323
233223
11321323
2313
2313
233223
1213

#201

1232
3112
11
1322
311132
3112
11
32
1322
311132
311132
32
3112

#202

2123
1213
1313
12132133
121133
1213
1313
32
12132133
121133
121133
32
1213

#203

1232
1321
31233123
312332
131231
1321
31233123
323232
312332
131231
131231
323232
1321

#204

1223
1213
22
1223
2133
1213
22
2223
1223
2133
2133
2223
1213

#205

3221
3211
3232
2312
3231
3211
3232
323322
2312
3231
3231
323322
3211

#206

3212
1321
333131
31312321
3231
1321
333131
3332
31312321
3231
3231
3332
1321

#207

2321
1321
213213
13231231
213322
1321
213213
23
13231231
213322
213322
23
1321

#208

3212
1231
3123323212
312332
12332121
1231
3123323212
332322
312332
12332121
12332121
332322
1231

#209

2123
2131
222112
221131
221323
2131
222112
2223
221131
221323
221323
2223
2131

#210

2321
3121
33
332123
3213
3121
33
32
332123
3213
3213
32
3121

#211

2213
2311
33
232313
3123
2311
33
23
232313
3123
3123
23
2311

#212

3221
1321
3311
312211
3132
1321
3311
3323
312211
3132
3132
3323
1321

#213

2321
2131
2121
2231
22133211
2131
2121
32
2231
22133211
22133211
32
2131

#214

2231
3211
33
332123
3231
3211
33
32
332123
3231
3231
32
3211

#215

3221
2131
2121
3221
32213211
2131
2121
32
3221
32213211
32213211
32
2131

#216

1223
1312
2323
1223
1323
1312
2323
323223
1223
1323
1323
323223
1312

#217

1232
1123
12331233
11312323
112313
1123
12331233
233223
11312323
112313
112313
233223
1123

#218

2312
1213
11
2132
123113
1213
11
23
2132
123113
123113
23
1213

#219

2231
2131
2121
2123
21223311
2131
2121
23
2123
21223311
21223311
23
2131

#220

3212
3112
3232
3122
3321
3112
3232
323322
3122
3321
3321
323322
3112

#221

2132
1231
1223
2331
1231
32
1223
2331
2331
32
1231

#222

2312
3112
11
1232
312311
3112
11
32
1232
312311
312311
32
3112

#223

3122
1312
3212
3132
1312
32
3212
3132
3132
32
1312

#224

3221
3211
323332
332321
3231
3211
323332
323322
332321
3231
3231
323322
3211

#225

2312
2131
232131
13321231
23122131
2131
232131
23
13321231
23122131
23122131
23
2131

#226

3212
3121
33
3221
3312
3121
33
3332
3221
3312
3312
3332
3121

#227

3221
2311
3232
3221
3321
2311
3232
323232
3221
3321
3321
323232
2311

#228

3221
2131
322232
2132
322231
2131
322232
323232
2132
322231
322231
323232
2131

#229

1322
1321
33131232
331322
131312
1321
33131232
332322
331322
131312
131312
332322
1321

#230

2312
1321
133313
13232131
1332
1321
133313
2333
13232131
1332
1332
2333
1321

#231

2312
1231
11
1223
123311
1231
11
32
1223
123311
123311
32
1231

#232

2321
2131
2211
322111
232213
2131
2211
23
322111
232213
232213
23
2131

#233

2123
3121
312312
31223113
3123
3121
312312
2232
31223113
3123
3123
2232
3121

#234

2132
3121
33
323312
2331
3121
33
32
323312
2331
2331
32
3121

#235

3122
1132
3311
312112
311123
1132
3311
3332
312112
311123
311123
3332
1132

#236

2231
3211
322131
32132311
322123
3211
322131
23
32132311
322123
322123
23
3211

#237

2213
3211
321321
32213113
3123
3211
321321
2322
32213113
3123
3123
2322
3211

#238

1322
1312
3122
3132
1312
32
3122
3132
3132
32
1312

#239

1232
3112
3131
31332112
3132
3112
3131
32
31332112
3132
3132
32
3112

#240

2321
2131
22132321
2123
22132131
2131
22132321
232323
2123
22132131
22132131
232323
2131

#241

2132
1213
2132
1332
1213
23
2132
1332
1332
23
1213

#242

2123
1321
11
121231
1323
1321
11
23
121231
1323
1323
23
1321

#243

1232
1123
1212
1232
11212332
1123
1212
23
1232
11212332
11212332
23
1123

#244

2123
2131
22
2231
221233
2131
22
23
2231
221233
221233
23
2131

#245

3122
1231
3131
33112231
3231
1231
3131
32
33112231
3231
3231
32
1231

#246

2312
1321
33
312332
2331
1321
33
32
312332
2331
2331
32
1321

#247

3212
1312
132132
111232
1332
1312
132132
323232
111232
1332
1332
323232
1312

#248

2132
1213
2121
112321
21123123
1213
2121
23
112321
21123123
21123123
23
1213

#249

1223
1213
22
1223
1323
1213
22
2232
1223
1323
1323
2232
1213

#250

1232
1321
3232
313223
2331
1321
3232
3222
313223
2331
2331
3222
1321

#251

2321
2113
223223
2123
223213
2113
223223
232233
2123
223213
223213
232233
2113

#252

1223
3112
331212
331223
31211223
3112
331212
32
331223
31211223
31211223
32
3112

#253

3212
1321
3221
3132
1321
23
3221
3132
3132
23
1321

#254

2123
1213
2211
211321
2313
1213
2211
2223
211321
2313
2313
2223
1213

#255

3221
3121
3333
333221
3312
3121
3333
3332
333221
3312
3312
3332
3121

#256

2213
2113
2323
2123
2313
2113
2323
223323
2123
2313
2313
223323
2113

#257

1232
1321
3131
31132312
3312
1321
3131
32
31132312
3312
3312
32
1321

#258

1223
1213
1223
1233
1213
23
1223
1233
1233
23
1213

#259

3221
3121
33
3221
3231
3121
33
3233
3221
3231
3231
3233
3121

#260

2321
3211
3232
322313
322132
3211
3232
32
322313
322132
322132
32
3211

#261

2231
2311
2233
223331
222331
2311
2233
23
223331
222331
222331
23
2311

#262

1223
3121
33
331223
3123
3121
33
32
331223
3123
3123
32
3121

#263

2312
1321
3131
313232
132311
1321
3131
32
313232
132311
132311
32
1321

#264

1232
3112
11
3122
131132
3112
11
32
3122
131132
131132
32
3112

#265

3221
2311
33
2132
3231
2311
33
3323
2132
3231
3231
3323
2311

#266

2213
2131
11
212311
1323
2131
11
23
212311
1323
1323
23
2131

#267

2213
2113
22
2123
1233
2113
22
2232
2123
1233
1233
2232
2113

#268

2213
2113
221212
211123
221233
2113
221212
2223
211123
221233
221233
2223
2113

#269

2312
3121
3131
33122311
3132
3121
3131
23
33122311
3132
3132
23
3121

#270

2123
1213
22
2123
2313
1213
22
2223
2123
2313
2313
2223
1213

#271

2321
2311
22322333
223313
223231
2311
22322333
232233
223313
223231
223231
232233
2311

#272

2132
3112
2312
3123
3112
32
2312
3123
3123
32
3112

#273

3122
1312
1331
1322
133121
1312
1331
3332
1322
133121
133121
3332
1312

#274

3221
2113
33
3221
3213
2113
33
3323
3221
3213
3213
3323
2113

#275

3221
2131
1313
32213113
3123
2131
1313
23
32213113
3123
3123
23
2131

#276

2132
1321
21132232
113221
213232
1321
21132232
232332
113221
213232
213232
232332
1321

#277

2321
2113
3232
3221
3213
2113
3232
322323
3221
3213
3213
322323
2113

#278

3221
3211
323332
333221
3231
3211
323332
323322
333221
3231
3231
323322
3211

#279

2213
3121
33
322133
3123
3121
33
23
322133
3123
3123
23
3121

#280

2132
2131
33212133
332132
21213312
2131
33212133
3323
332132
21213312
21213312
3323
2131

#281

2312
3211
3333
333221
3312
3211
3333
3233
333221
3312
3312
3233
3211

#282

3122
1132
3232
1232
3123
1132
3232
322332
1232
3123
3123
322332
1132

#283

3212
1312
3212
3231
1312
32
3212
3231
3231
32
1312

#284

2123
3211
33
332123
3123
3211
33
32
332123
3123
3123
32
3211

#285

1322
1123
11
113212
113123
1123
11
32
113212
113123
113123
32
1123

#286

1223
3121
332323
332312
3123
3121
332323
323223
332312
3123
3123
323223
3121

#287

3221
3211
33
333221
3321
3211
33
32
333221
3321
3321
32
3211

#288

1232
1321
3131
31213321
112331
1321
3131
32
31213321
112331
112331
32
1321

#289

3221
2311
3232
3221
232321
2311
3232
3323
3221
232321
232321
3323
2311

#290

3212
3112
332332
331232
3321
3112
332332
323322
331232
3321
3321
323322
3112

#291

3221
1321
1313
13322131
1332
1321
1313
23
13322131
1332
1332
23
1321

#292

3212
1321
1313
13313221
1332
1321
1313
23
13313221
1332
1332
23
1321

#293

2312
1231
3221
1323
1231
23
3221
1323
1323
23
1231

#294

2132
2113
3221
3132
2113
23
3221
3132
3132
23
2113

#295

3221
2131
33
3221
3213
2131
33
3233
3221
3213
3213
3233
2131

#296

2123
2113
213123
221311
1323
2113
213123
223233
221311
1323
1323
223233
2113

#297

2231
2113
11
212311
1233
2113
11
23
212311
1233
1233
23
2113

#298

2231
2131
11
212311
1233
2131
11
23
212311
1233
1233
23
2131

#299

1322
1123
11
132112
3213
1123
11
32
132112
3213
3213
32
1123

#300

3221
2113
3232
3221
3213
2113
3232
323223
3221
3213
3213
323223
2113

#301

2321
3211
3232
323321
322321
3211
3232
32
323321
322321
322321
32
3211

#302

1322
3112
11
1322
311312
3112
11
32
1322
311312
311312
32
3112

#303

2132
1312
11
1223
132113
1312
11
32
1223
132113
132113
32
1312

#304

3221
2113
33
2132
3213
2113
33
3233
2132
3213
3213
3233
2113

#305

1322
1213
3311
312121
131213
1213
3311
3323
312121
131213
131213
3323
1213

#306

2312
1321
2211
2123
213131
1321
2211
2232
2123
213131
213131
2232
1321

#307

3212
1213
33
3212
3213
1213
33
3323
3212
3213
3213
3323
1213

#308

3221
3121
332332
333221
3321
3121
332332
323322
333221
3321
3321
323322
3121

#309

3212
1231
12321322
1232
12321231
1231
12321322
323322
1232
12321231
12321231
323322
1231

#310

2231
2113
123123
211123
1233
2113
123123
223233
211123
1233
1233
223233
2113

#311

2132
2113
212313
12312313
223213
2113
212313
23
12312313
223213
223213
23
2113

#312

3221
1321
1313
13232131
3123
1321
1313
23
13232131
3123
3123
23
1321

#313

2312
1213
11
321121
3123
1213
11
23
321121
3123
3123
23
1213

#314

3212
1312
11
312112
3123
1312
11
23
312112
3123
3123
23
1312

#315

1223
1231
233233
212333
2313
1231
233233
233223
212333
2313
2313
233223
1231

#316

2123
2113
22123213
21123313
222133
2113
22123213
2232
21123313
222133
222133
2232
2113

#317

3221
2131
22
2132
232231
2131
22
23
2132
232231
232231
23
2131

#318

1232
1123
231123
13112332
12112332
1123
231123
23
13112332
12112332
12112332
23
1123

#319

1223
1213
11
112213
112133
1213
11
23
112213
112133
112133
23
1213

#320

3122
1231
33
3122
3312
1231
33
3332
3122
3312
3312
3332
1231

#321

3212
3211
332332
333221
323221
3211
332332
3323
333221
323221
323221
3323
3211

#322

3212
3112
11
1322
313211
3112
11
32
1322
313211
313211
32
3112

#323

1322
1123
11
312112
131213
1123
11
32
312112
131213
131213
32
1123

#324

1232
3112
3311
333212
311312
3112
3311
32
333212
311312
311312
32
3112

#325

3212
3112
11
1322
313211
3112
11
32
1322
313211
313211
32
3112

#326

2231
2131
2123322331
212333
21223311
2131
2123322331
233223
212333
21223311
21223311
233223
2131

#327

2132
1312
231312
31131223
2313
1312
231312
2322
31131223
2313
2313
2322
1312

#328

2123
1213
1221
1223
121133
1213
1221
2232
1223
121133
121133
2232
1213

#329

2321
2131
212221
2123
21233211
2131
212221
2232
2123
21233211
21233211
2232
2131

#330

2132
1321
123213
123332
121331
1321
123213
2322
123332
121331
121331
2322
1321

#331

2123
1321
11
112321
1323
1321
11
23
112321
1323
1323
23
1321

#332

3212
3121
3232
3212
3321
3121
3232
323322
3212
3321
3321
323322
3121

#333

1223
1321
31233123
31213321
113123
1321
31233123
323223
31213321
113123
113123
323223
1321

#334

1232
1123
123123
1232
112313
1123
123123
232323
1232
112313
112313
232323
1123

#335

2213
2131
221221
2213
21322113
2131
221221
2322
2213
21322113
21322113
2322
2131

#336

3122
3112
3212
3312
3112
32
3212
3312
3312
32
3112

#337

2321
2131
2211
213121
223123
2131
2211
23
213121
223123
223123
23
2131

#338

2312
3112
22
2312
3123
3112
22
2232
2312
3123
3123
2232
3112

#339

1322
1312
331313
31313122
113132
1312
331313
3332
31313122
113132
113132
3332
1312

#340

1232
3112
22
1223
3213
3112
22
3222
1223
3213
3213
3222
3112

#341

1223
1231
32122312
31123123
12122313
1231
32122312
3222
31123123
12122313
12122313
3222
1231

#342

2312
3112
2233
231233
2313
3112
2233
2232
231233
2313
2313
2232
3112

#343

1223
1321
231123
2312
131123
1321
231123
233223
2312
131123
131123
233223
1321

#344

1223
1312
1212
1232
11231232
1312
1212
23
1232
11231232
11231232
23
1312

#345

2312
2311
3232
3221
3132
2311
3232
322332
3221
3132
3132
322332
2311

#346

2132
1213
123123
112123
121313
1213
123123
232323
112123
121313
121313
232323
1213

#347

2213
2131
212221
2123
21221313
2131
212221
2322
2123
21221313
21221313
2322
2131

#348

3212
3121
33
333212
3132
3121
33
32
333212
3132
3132
32
3121

#349

2321
2113
22
3221
223123
2113
22
23
3221
223123
223123
23
2113

#350

2312
1321
323323
313223
2331
1321
323323
323223
313223
2331
2331
323223
1321

#351

3212
1312
13321332
13131232
1332
1312
13321332
323232
13131232
1332
1332
323232
1312

#352

2321
2311
332332
323231
3321
2311
332332
322332
323231
3321
3321
322332
2311

#353

2213
2113
2222
2213
222133
2113
2222
2223
2213
222133
222133
2223
2113

#354

1232
1123
23211232
111232
12321123
1123
23211232
232332
111232
12321123
12321123
232332
1123

#355

2321
2311
22
2321
223321
2311
22
23
2321
223321
223321
23
2311

#356

2132
1123
22
2123
2133
1123
22
2223
2123
2133
2133
2223
1123

#357

3221
3121
33
3212
3321
3121
33
3233
3212
3321
3321
3233
3121

#358

2231
2311
2213
2331
2311
32
2213
2331
2331
32
2311

#359

2132
2113
33
2312
1323
2113
33
2333
2312
1323
1323
2333
2113

#360

1322
3112
3212
3132
3112
32
3212
3132
3132
32
3112

#361

2132
1312
11
1232
121313
1312
11
32
1232
121313
121313
32
1312

#362

3122
1312
33
3212
3132
1312
33
3332
3212
3132
3132
3332
1312

#363

2213
2113
22
2123
2133
2113
22
2232
2123
2133
2133
2232
2113

#364

3221
2131
321132
211132
3213
2131
321132
322332
211132
3213
3213
322332
2131

#365

2132
3121
231312
31312321
231232
3121
231312
23
31312321
231232
231232
23
3121

#366

1232
1132
12132232
111232
11213322
1132
12132232
323232
111232
11213322
11213322
323232
1132

#367

3122
1312
1313
111322
1332
1312
1313
3233
111322
1332
1332
3233
1312

#368

3221
2131
3232
2312
322312
2131
3232
3323
2312
322312
322312
3323
2131

#369

2321
3121
332332
332321
3132
3121
332332
323232
332321
3132
3132
323232
3121

#370

2132
3112
2121
2132
311213
3112
2121
2322
2132
311213
311213
2322
3112

#371

2123
2113
221313
22131313
222313
2113
221313
23
22131313
222313
222313
23
2113

#372

2213
1231
2112
112231
212233
1231
2112
23
112231
212233
212233
23
1231

#373

3221
2131
332121
3221
32213121
2131
332121
3332
3221
32213121
32213121
3332
2131

#374

2312
1321
3131
31123321
123131
1321
3131
32
31123321
123131
123131
32
1321

#375

2321
3211
2321
2331
3211
32
2321
2331
2331
32
3211

#376

1223
1132
1122
111223
1233
1132
1122
2223
111223
1233
1233
2223
1132

#377

3212
3121
3221
3312
3121
32
3221
3312
3312
32
3121

#378

1223
1213
23132133
23112313
2133
1213
23132133
233223
23112313
2133
2133
233223
1213

#379

1223
1132
11
2132
111323
1132
11
32
2132
111323
111323
32
1132

#380

2213
2131
222323
2231
222331
2131
222323
223233
2231
222331
222331
223233
2131

#381

1232
1213
32133123
32113213
3123
1213
32133123
323232
32113213
3123
3123
323232
1213

#382

1322
1213
1232
3213
1213
23
1232
3213
3213
23
1213

#383

2231
2131
22
2213
222331
2131
22
23
2213
222331
222331
23
2131

#384

3212
3112
3212
3321
3112
32
3212
3321
3321
32
3112

#385

2312
3121
321321
31321312
321322
3121
321321
23
31321312
321322
321322
23
3121

#386

2231
2131
22221313
22131313
222133
2131
22221313
2223
22131313
222133
222133
2223
2131

#387

2321
2131
231321
231323
22133211
2131
231321
32
231323
22133211
22133211
32
2131

#388

2312
1231
3212323132
31232113
212332
1231
3212323132
322332
31232113
212332
212332
322332
1231

#389

1223
1312
11
111223
1323
1312
11
23
111223
1323
1323
23
1312

#390

2132
3121
333232
333221
3132
3121
333232
332232
333221
3132
3132
332232
3121

#391

3122
3112
33
3212
3132
3112
33
3332
3212
3132
3132
3332
3112

#392

1223
3112
332323
332312
3123
3112
332323
323223
332312
3123
3123
323223
3112

#393

2321
2311
2231
2331
2311
32
2231
2331
2331
32
2311

#394

2132
3211
212133
2132
21321132
3211
212133
3233
2132
21321132
21321132
3233
3211

#395

2321
2311
22
2321
223321
2311
22
32
2321
223321
223321
32
2311

#396

1232
3112
11
1232
131132
3112
11
32
1232
131132
131132
32
3112

#397

2213
2131
223131
22133131
2331
2131
223131
2223
22133131
2331
2331
2223
2131

#398

1322
3112
11
1322
131132
3112
11
32
1322
131132
131132
32
3112

#399

2312
1231
1331
13223131
123131
1231
1331
32
13223131
123131
123131
32
1231

#400

3221
3121
3333
333212
3312
3121
3333
3332
333212
3312
3312
3332
3121

#401

1223
1231
13222321
13221331
12123213
1231
13222321
3222
13221331
12123213
12123213
3222
1231

#402

2231
2113
22231231
223111
221233
2113
22231231
223233
223111
221233
221233
223233
2113

#403

1232
1312
231312
13313122
12313122
1312
231312
23
13313122
12313122
12313122
23
1312

#404

2312
1231
1221
1223
123131
1231
1221
2322
1223
123131
123131
2322
1231

#405

2123
1213
2121
112123
21121233
1213
2121
23
112123
21121233
21121233
23
1213

#406

3212
2131
33321213
332123
32121231
2131
33321213
3332
332123
32121231
32121231
3332
2131

#407

2321
2131
221221
2123
22133211
2131
221221
2232
2123
22133211
22133211
2232
2131

#408

2123
1321
2112
112231
213223
1321
2112
23
112231
213223
213223
23
1321

#409

1322
1132
1322
1323
1132
32
1322
1323
1323
32
1132

#410

2132
1213
2323
3221
212332
1213
2323
2333
3221
212332
212332
2333
1213

#411

2312
1321
231231
312332
231311
1321
231231
2322
312332
231311
231311
2322
1321

#412

2312
3112
2132
2313
3112
32
2132
2313
2313
32
3112

#413

1223
3112
312312
31231132
3123
3112
312312
3222
31231132
3123
3123
3222
3112

#414

1232
3112
3212
3132
3112
32
3212
3132
3132
32
3112

#415

3122
3112
11
3122
331112
3112
11
32
3122
331112
331112
32
3112

#416

2321
3121
3131
32123131
2331
3121
3131
32
32123131
2331
2331
32
3121

#417

2213
2131
222233
221333
222313
2131
222233
2223
221333
222313
222313
2223
2131

#418

2123
2113
1212
212113
1233
2113
1212
2223
212113
1233
1233
2223
2113

#419

2231
1231
123213
12321133
1233
1231
123213
2223
12321133
1233
1233
2223
1231

#420

2123
3112
3131
31312123
3123
3112
3131
32
31312123
3123
3123
32
3112

#421

2213
3211
2233
233213
2313
3211
2233
2232
233213
2313
2313
2232
3211

#422

1322
1132
1322
1323
1132
32
1322
1323
1323
32
1132

#423

2123
1213
22
1223
2133
1213
22
2322
1223
2133
2133
2322
1213

#424

2132
1312
1313
13211332
1323
1312
1313
32
13211332
1323
1323
32
1312

#425

2231
2113
222323
2123
222313
2113
222323
223233
2123
222313
222313
223233
2113

#426

1322
1312
1212
3122
11323122
1312
1212
23
3122
11323122
11323122
23
1312

#427

2213
2113
2211
212113
2133
2113
2211
2223
212113
2133
2133
2223
2113

#428

1223
1231
3131
23112313
2313
1231
3131
32
23112313
2313
2313
32
1231

#429

2321
2131
3221
1332
2131
23
3221
1332
1332
23
2131

#430

2213
2131
22132213
213233
22121313
2131
22132213
2322
213233
22121313
22121313
2322
2131

#431

3221
3121
33
3212
3312
3121
33
3332
3212
3312
3312
3332
3121

#432

2132
1321
3221
1332
1321
23
3221
1332
1332
23
1321

#433

2132
1231
231213
312211
212332
1231
231213
2333
312211
212332
212332
2333
1231

#434

2123
3121
33
332123
3123
3121
33
32
332123
3123
3123
32
3121

#435

2321
3121
3131
31321321
3123
3121
3131
32
31321321
3123
3123
32
3121

#436

3221
2311
3221
3321
2311
23
3221
3321
3321
23
2311

#437

1223
1132
11
1223
111323
1132
11
32
1223
111323
111323
32
1132

#438

3212
1123
3232
1322
3213
1123
3232
323232
1322
3213
3213
323232
1123

#439

2321
2113
22
2321
223213
2113
22
23
2321
223213
223213
23
2113

#440

2321
2131
213321
213233
21233211
2131
213321
32
213233
21233211
21233211
32
2131

#441

1232
1312
22
2132
3123
1312
22
2322
2132
3123
3123
2322
1312

#442

2132
3121
2121
3212
32113212
3121
2121
32
3212
32113212
32113212
32
3121

#443

1223
1123
12313323
13112323
2133
1123
12313323
223323
13112323
2133
2133
223323
1123

#444

1223
1132
3113
13121332
111323
1132
3113
32
13121332
111323
111323
32
1132

#445

1322
3112
11
3122
131312
3112
11
32
3122
131312
131312
32
3112

#446

2132
1132
2132
2313
1132
32
2132
2313
2313
32
1132

#447

2321
2131
22
2123
2331
2131
22
2322
2123
2331
2331
2322
2131

#448

2321
3121
3131
31221313
3123
3121
3131
32
31221313
3123
3123
32
3121

#449

1232
1123
1232
1332
1123
23
1232
1332
1332
23
1123

#450

3212
1213
32133213
11323213
3213
1213
32133213
323232
11323213
3213
3213
323232
1213

#451

1223
1321
1331
133223
131213
1321
1331
32
133223
131213
131213
32
1321

#452

2231
2131
2121
2213
22123311
2131
2121
23
2213
22123311
22123311
23
2131

#453

2231
2311
233233
232331
2331
2311
233233
223233
232331
2331
2331
223233
2311

#454

1223
1213
231213
231121
2133
1213
231213
233223
231121
2133
2133
233223
1213

#455

1322
1312
11
1322
113132
1312
11
32
1322
113132
113132
32
1312

#456

2123
1231
312123
312233
12212331
1231
312123
32
312233
12212331
12212331
32
1231

#457

1232
1312
11
1322
113132
1312
11
32
1322
113132
113132
32
1312

#458

2132
1321
2121
3212
12313212
1321
2121
23
3212
12313212
12313212
23
1321

#459

3221
2311
3221
3321
2311
32
3221
3321
3321
32
2311

#460

2231
2311
2323
232331
232231
2311
2323
23
232331
232231
232231
23
2311

#461

2321
2113
222121
2213
22132113
2113
222121
2223
2213
22132113
22132113
2223
2113

#462

3122
1132
333113
13311322
312113
1132
333113
3332
13311322
312113
312113
3332
1132

#463

1223
1213
1223
1323
1213
23
1223
1323
1323
23
1213

#464

2321
3121
31233231
31322311
3123
3121
31233231
233223
31322311
3123
3123
233223
3121

#465

2123
1213
2121
121213
212323
1213
2121
23
121213
212323
212323
23
1213

#466

2321
2131
2222
2321
223321
2131
2222
2232
2321
223321
223321
2232
2131

#467

2321
2113
2321
2313
2113
23
2321
2313
2313
23
2113

#468

3122
1123
33
3212
3123
1123
33
3323
3212
3123
3123
3323
1123

#469

2213
2131
23132133
22313113
1323
2131
23132133
223233
22313113
1323
1323
223233
2131

#470

3122
1312
3122
3132
1312
32
3122
3132
3132
32
1312

#471

2231
2113
22
2213
222133
2113
22
23
2213
222133
222133
23
2113

#472

1232
1312
1232
1332
1312
32
1232
1332
1332
32
1312

#473

2132
1132
2323
1223
2133
1132
2323
232323
1223
2133
2133
232323
1132

#474

2132
3112
11
1223
312131
3112
11
32
1223
312131
312131
32
3112

#475

1232
1213
33
3212
3213
1213
33
3233
3212
3213
3213
3233
1213

#476

2321
3121
3131
31321231
3123
3121
3131
32
31321231
3123
3123
32
3121

#477

2312
3121
2323
312323
2313
3121
2323
2232
312323
2313
2313
2232
3121

#478

1232
1312
11
113122
1332
1312
11
23
113122
1332
1332
23
1312

#479

1223
1231
12321223
123233
12122331
1231
12321223
2322
123233
12122331
12122331
2322
1231

#480

2321
2131
212221
2123
21321321
2131
212221
2232
2123
21321321
21321321
2232
2131

#481

1232
1123
2112
111322
12321123
1123
2112
23
111322
12321123
12321123
23
1123

#482

1223
3112
3322
332123
3123
3112
3322
3222
332123
3123
3123
3222
3112

#483

2231
2113
222121
211231
222313
2113
222121
2223
211231
222313
222313
2223
2113

#484

2321
2131
223223
2123
223231
2131
223223
232233
2123
223231
223231
232233
2131

#485

1322
1312
1212
3122
11323122
1312
1212
23
3122
11323122
11323122
23
1312

#486

3212
1312
11
312112
1332
1312
11
32
312112
1332
1332
32
1312

#487

2312
1231
3131
23312131
2331
1231
3131
32
23312131
2331
2331
32
1231

#488

3221
3121
3232
2132
3231
3121
3232
322332
2132
3231
3231
322332
3121

#489

1223
1123
11
111223
111233
1123
11
23
111223
111233
111233
23
1123

#490

2123
3112
231231
23112331
3123
3112
231231
2232
23112331
3123
3123
2232
3112

#491

3221
1321
11
312211
1332
1321
11
23
312211
1332
1332
23
1321

#492

1232
1132
1313
13113232
2313
1132
1313
32
13113232
2313
2313
32
1132

#493

1232
1132
1232
1233
1132
32
1232
1233
1233
32
1132

#494

2321
2311
3232
2321
3231
2311
3232
322332
2321
3231
3231
322332
2311

#495

3212
2113
312132
211132
3213
2113
312132
322323
211132
3213
3213
322323
2113

#496

3221
3211
3322
333221
332221
3211
3322
32
333221
332221
332221
32
3211

#497

3221
3121
3322
333221
331222
3121
3322
32
333221
331222
331222
32
3121

#498

3212
3112
11
1232
313211
3112
11
32
1232
313211
313211
32
3112

#499

2123
1321
33
312323
2313
1321
33
32
312323
2313
2313
32
1321

#500

1232
1312
312312
3122
12313122
1312
312312
3323
3122
12313122
12313122
3323
1312

#501

2123
3121
33
332321
3123
3121
33
32
332321
3123
3123
32
3121

#502

1322
3112
3212
3132
3112
32
3212
3132
3132
32
3112

#503

2213
2131
2123
2331
2131
32
2123
2331
2331
32
2131

#504

2213
1321
22
2213
2133
1321
22
2223
2213
2133
2133
2223
1321

#505

1322
1132
131232
131212
1332
1132
131232
323223
131212
1332
1332
323223
1132

#506

2231
1321
213213
13223113
2133
1321
213213
2223
13223113
2133
2133
2223
1321

#507

2312
1321
23331321
13313212
23113221
1321
23331321
2333
13313212
23113221
23113221
2333
1321

#508

1232
1213
3113
13123213
113213
1213
3113
32
13123213
113213
113213
32
1213

#509

3221
2113
3221
3213
2113
23
3221
3213
3213
23
2113

#510

2312
3112
331212
331223
312131
3112
331212
3222
331223
312131
312131
3222
3112

#511

2213
2113
22
2213
2133
2113
22
2223
2213
2133
2133
2223
2113

#512

2312
1231
33
312233
2331
1231
33
32
312233
2331
2331
32
1231

#513

2312
1132
11
123121
1233
1132
11
23
123121
1233
1233
23
1132

#514

2312
1231
21232312
1223
21233121
1231
21232312
233232
1223
21233121
21233121
233232
1231

#515

3122
1231
33123132
31123132
3231
1231
33123132
332232
31123132
3231
3231
332232
1231

#516

2312
1213
231231
123121
231113
1213
231231
232332
123121
231113
231113
232332
1213

#517

2312
3121
11
1223
231311
3121
11
32
1223
231311
231311
32
3121

#518

2312
3121
2112
1223
321311
3121
2112
3222
1223
321311
321311
3222
3121

#519

1223
1123
1221
121132
112133
1123
1221
2322
121132
112133
112133
2322
1123

#520

2123
1213
22
1223
2133
1213
22
2223
1223
2133
2133
2223
1213

#521

1232
1321
3131
31213321
2331
1321
3131
32
31213321
2331
2331
32
1321

#522

3212
3112
3333
333122
3321
3112
3333
3332
333122
3321
3321
3332
3112

#523

2132
2311
22
2312
223132
2311
22
23
2312
223132
223132
23
2311

#524

1223
1231
1212
1223
12122313
1231
1212
32
1223
12122313
12122313
32
1231

#525

3221
2131
3221
3231
2131
32
3221
3231
3231
32
2131

#526

2231
2113
2222
2123
222313
2113
2222
2223
2123
222313
222313
2223
2113

#527

3221
2131
33
3221
3213
2131
33
3323
3221
3213
3213
3323
2131

#528

2312
1231
1212
1223
12233121
1231
1212
32
1223
12233121
12233121
32
1231

#529

2123
1321
132321
13132213
13212213
1321
132321
23
13132213
13212213
13212213
23
1321

#530

2132
3121
3131
31231312
3132
3121
3131
23
31231312
3132
3132
23
3121

#531

2213
2113
2222
2213
222133
2113
2222
2223
2213
222133
222133
2223
2113

#532

3221
3211
3232
2312
332212
3211
3232
3332
2312
332212
332212
3332
3211

#533

2213
2131
223223
2231
222313
2131
223223
232233
2231
222313
222313
232233
2131

#534

2132
1321
1212
1223
13221312
1321
1212
32
1223
13221312
13221312
32
1321

#535

1232
1132
123132
1322
11231322
1132
123132
2333
1322
11231322
11231322
2333
1132

#536

2321
2311
232232
2321
232321
2311
232232
322332
2321
232321
232321
322332
2311

#537

3212
1213
11
1232
132113
1213
11
32
1232
132113
132113
32
1213

#538

3122
3112
331212
333122
33112212
3112
331212
32
333122
33112212
33112212
32
3112

#539

1232
1132
3113
13311232
111332
1132
3113
32
13311232
111332
111332
32
1132

#540

2231
1231
213213
12321133
2133
1231
213213
2223
12321133
2133
2133
2223
1231

#541

1223
1213
12321223
1232
12112233
1213
12321223
232233
1232
12112233
12112233
232233
1213

#542

2123
3211
22
2123
322123
3211
22
32
2123
322123
322123
32
3211

#543

1232
1213
3113
13123123
111332
1213
3113
32
13123123
111332
111332
32
1213

#544

1232
1123
313313
13131223
113123
1123
313313
3323
13131223
113123
113123
3323
1123

#545

1232
1123
2331212332
13312123
12112332
1123
2331212332
233232
13312123
12112332
12112332
233232
1123

#546

1223
1213
1212
1223
112133
1213
1212
2232
1223
112133
112133
2232
1213

#547

2231
2113
2211
223111
222313
2113
2211
23
223111
222313
222313
23
2113

#548

2132
1132
213213
11321323
2313
1132
213213
2322
11321323
2313
2313
2322
1132

#549

2132
1312
121323
1223
132131
1312
121323
323232
1223
132131
132131
323232
1312

#550

1223
1213
11
112213
2133
1213
11
23
112213
2133
2133
23
1213

#551

2123
1231
2121
2123
123131
1231
2121
2322
2123
123131
123131
2322
1231

#552

2231
2311
22232333
223313
222313
2311
22232333
223233
223313
222313
222313
223233
2311

#553

3221
3121
33
2312
3321
3121
33
3323
2312
3321
3321
3323
3121

#554

3212
1321
3333
331322
3231
1321
3333
3332
331322
3231
3231
3332
1321

#555

3212
2131
2132
3231
2131
32
2132
3231
3231
32
2131

#556

2312
2311
323323
332231
232321
2311
323323
3233
332231
232321
232321
3233
2311

#557

2132
1231
2132
2331
1231
32
2132
2331
2331
32
1231

#558

2321
3211
23322332
233231
322312
3211
23322332
232332
233231
322312
322312
232332
3211

#559

2132
1321
2121
3221
21313212
1321
2121
23
3221
21313212
21313212
23
1321

#560

2132
1213
11
1223
121313
1213
11
32
1223
121313
121313
32
1213

#561

3221
2113
3221
3213
2113
23
3221
3213
3213
23
2113

#562

2312
3112
231123
1223
323111
3112
231123
323232
1223
323111
323111
323232
3112

#563

2132
1213
11
1223
121313
1213
11
32
1223
121313
121313
32
1213

#564

1223
1312
1212
1223
131123
1312
1212
2322
1223
131123
131123
2322
1312

#565

2312
1321
2112
132121
213322
1321
2112
23
132121
213322
213322
23
1321

#566

2231
2311
2231
2331
2311
23
2231
2331
2331
23
2311

#567

2321
2113
2121
2132
21232113
2113
2121
23
2132
21232113
21232113
23
2113

#568

3122
3112
3333
333122
3132
3112
3333
3332
333122
3132
3132
3332
3112

#569

2312
1213
3221
1332
1213
23
3221
1332
1332
23
1213

#570

1232
1213
33
1232
3213
1213
33
2333
1232
3213
3213
2333
1213

#571

1223
1213
3113
13121233
112313
1213
3113
32
13121233
112313
112313
32
1213

#572

2132
1213
2121
121132
212323
1213
2121
23
121132
212323
212323
23
1213

#573

3122
1312
1313
111322
1332
1312
1313
3323
111322
1332
1332
3323
1312

#574

1322
1132
3131
3122
131132
1132
3131
3332
3122
131132
131132
3332
1132

#575

3221
3211
33
332321
3321
3211
33
23
332321
3321
3321
23
3211

#576

2321
3211
32221321
322133
32213121
3211
32221321
2232
322133
32213121
32213121
2232
3211

#577

2321
1321
11
112321
1332
1321
11
23
112321
1332
1332
23
1321

#578

2321
1231
11
123211
1332
1231
11
23
123211
1332
1332
23
1231

#579

2132
3121
31323132
31323211
3132
3121
31323132
322332
31323211
3132
3132
322332
3121

#580

3122
1132
33
3212
3132
1132
33
3323
3212
3132
3132
3323
1132

#581

3212
1312
3212
3213
1312
23
3212
3213
3213
23
1312

#582

3221
2131
322322
2312
322231
2131
322322
323232
2312
322231
322231
323232
2131

#583

3122
1123
312312
3122
311213
1123
312312
322323
3122
311213
311213
322323
1123

#584

3212
1321
33
331322
3231
1321
33
32
331322
3231
3231
32
1321

#585

2213
2131
223223
2231
213223
2131
223223
232233
2231
213223
213223
232233
2131

#586

2132
1213
2312
2313
1213
23
2312
2313
2313
23
1213

#587

2321
2131
23323131
32231131
2331
2131
23323131
233232
32231131
2331
2331
233232
2131

#588

2312
1231
22
1223
2331
1231
22
2232
1223
2331
2331
2232
1231

#589

1322
1321
313331
31133212
3231
1321
313331
3332
31133212
3231
3231
3332
1321

#590

2312
1231
213231
112312
21312231
1231
213231
2333
112312
21312231
21312231
2333
1231

#591

3212
3121
33
3212
3312
3121
33
3332
3212
3312
3312
3332
3121

#592

2132
1312
1221
1223
132113
1312
1221
3222
1223
132113
132113
3222
1312

#593

2132
1213
2312
2313
1213
23
2312
2313
2313
23
1213

#594

2123
3121
2332
233123
3213
3121
2332
2322
233123
3213
3213
2322
3121

#595

2312
3112
33
323312
3123
3112
33
32
323312
3123
3123
32
3112

#596

2312
2131
2233
233123
232231
2131
2233
23
233123
232231
232231
23
2131

#597

1322
3112
333232
333122
3312
3112
333232
332322
333122
3312
3312
332322
3112

#598

2321
3121
32312331
31223311
3231
3121
32312331
232332
31223311
3231
3231
232332
3121

#599

2321
3211
223131
23321131
2331
3211
223131
2232
23321131
2331
2331
2232
3211

#600

1232
1132
1313
3122
111332
1132
1313
3323
3122
111332
111332
3323
1132

#601

2231
2131
22123213
21231133
221323
2131
22123213
2223
21231133
221323
221323
2223
2131

#602

2321
2113
221221
2123
22132113
2113
221221
2223
2123
22132113
22132113
2223
2113

#603

3221
3211
33
332231
3321
3211
33
32
332231
3321
3321
32
3211

#604

2231
1231
12232123
121123
122323
1231
12232123
223323
121123
122323
122323
223323
1231

#605

2213
2113
2213
2133
2113
23
2213
2133
2133
23
2113

#606

3212
1321
11
3122
133211
1321
11
32
3122
133211
133211
32
1321

#607

1223
1312
3131
13131223
113123
1312
3131
32
13131223
113123
113123
32
1312

#608

3212
1123
312321
3122
113321
1123
312321
323232
3122
113321
113321
323232
1123

#609

3212
1231
13221322
1232
13221312
1231
13221322
323322
1232
13221312
13221312
323322
1231

#610

2123
1321
2121
2321
21132213
1321
2121
23
2321
21132213
21132213
23
1321

#611

2312
1132
2323
1232
2313
1132
2323
232332
1232
2313
2313
232332
1132

#612

2213
2131
2121
2123
21221331
2131
2121
32
2123
21221331
21221331
32
2131

#613

2213
2131
212221
2123
21322113
2131
212221
2322
2123
21322113
21322113
2322
2131

#614

1223
1123
11
111223
1233
1123
11
32
111223
1233
1233
32
1123

#615

2123
2113
2123
1323
2113
23
2123
1323
1323
23
2113

#616

2231
2113
22
2213
2313
2113
22
2223
2213
2313
2313
2223
2113

#617

1232
1123
211323
111232
12113223
1123
211323
2333
111232
12113223
12113223
2333
1123

#618

3212
1321
32133231
133232
321311
1321
32133231
323322
133232
321311
321311
323322
1321

#619

2132
1321
12331233
13312231
123232
1321
12331233
2333
13312231
123232
123232
2333
1321

#620

3221
1321
3221
3123
1321
23
3221
3123
3123
23
1321

#621

2123
3121
3131
31312321
3123
3121
3131
32
31312321
3123
3123
32
3121

#622

2132
3121
2132
3132
3121
23
2132
3132
3132
23
3121

#623

1232
1123
321123
13112332
12112332
1123
321123
32
13112332
12112332
12112332
32
1123

#624

2321
2311
232131
23321131
232132
2311
232131
23
23321131
232132
232132
23
2311

#625

2312
1231
1212
2132
21323121
1231
1212
32
2132
21323121
21323121
32
1231

#626

2213
2113
222121
221131
221323
2113
222121
2223
221131
221323
221323
2223
2113

#627

3221
2131
322322
3221
232231
2131
322322
323223
3221
232231
232231
323223
2131

#628

1322
1312
11
3122
131312
1312
11
32
3122
131312
131312
32
1312

#629

2312
2113
2321
3213
2113
23
2321
3213
3213
23
2113

#630

3221
3211
3131
33221311
3321
3211
3131
23
33221311
3321
3321
23
3211

#631

3221
2131
33
3212
3231
2131
33
3323
3212
3231
3231
3323
2131

#632

1223
1231
3131
31123213
112331
1231
3131
32
31123213
112331
112331
32
1231

#633

2213
2113
2121
2213
21221133
2113
2121
23
2213
21221133
21221133
23
2113

#634

3122
3112
11
3212
313112
3112
11
32
3212
313112
313112
32
3112

#635

3212
1312
1313
13131322
1332
1312
1313
32
13131322
1332
1332
32
1312

#636

3212
1213
321321
113221
3213
1213
321321
323223
113221
3213
3213
323223
1213

#637

3122
1213
1313
32113213
3213
1213
1313
32
32113213
3213
3213
32
1213

#638

1322
1321
331133
331322
113312
1321
331133
3332
331322
113312
113312
3332
1321

#639

3212
1312
312132
113212
3123
1312
312132
323223
113212
3123
3123
323223
1312

#640

1232
1123
11
111232
3123
1123
11
23
111232
3123
3123
23
1123

#641

2213
2113
2323
2213
1233
2113
2323
223233
2213
1233
1233
223233
2113

#642

2123
2113
2213
2133
2113
23
2213
2133
2133
23
2113

#643

2213
2131
22
2213
221233
2131
22
23
2213
221233
221233
23
2131

#644

1223
1123
112323
111223
1233
1123
112323
223233
111223
1233
1233
223233
1123

#645

3212
1312
3232
1232
3132
1312
3232
323232
1232
3132
3132
323232
1312

#646

1322
1132
3311
311122
131123
1132
3311
3332
311122
131123
131123
3332
1132

#647

2132
1321
2112
112321
213232
1321
2112
23
112321
213232
213232
23
1321

#648

3212
1312
3311
3212
321311
1312
3311
3332
3212
321311
321311
3332
1312

#649

2132
3112
3232
331223
3213
3112
3232
2322
331223
3213
3213
2322
3112

#650

1223
1213
1212
112213
1233
1213
1212
2232
112213
1233
1233
2232
1213

#651

3221
1231
331221
312121
312223
1231
331221
3323
312121
312223
312223
3323
1231

#652

3221
2113
3311
321211
3213
2113
3311
3323
321211
3213
3213
3323
2113

#653

2312
2113
2132
3123
2113
23
2132
3123
3123
23
2113

#654

3212
1321
333131
33113221
3231
1321
333131
3332
33113221
3231
3231
3332
1321

#655

1223
1123
1122
111223
1233
1123
1122
2232
111223
1233
1233
2232
1123

#656

3221
2131
3232
2312
3213
2131
3232
322323
2312
3213
3213
322323
2131

#657

1223
1132
132132
13121323
1323
1132
132132
3222
13121323
1323
1323
3222
1132

#658

3212
1231
33123231
31322131
312131
1231
33123231
332322
31322131
312131
312131
332322
1231

#659

2312
2113
11
231121
3213
2113
11
23
231121
3213
3213
23
2113

#660

2132
3121
323121
31312132
21312132
3121
323121
32
31312132
21312132
21312132
32
3121

#661

3122
3112
33
333122
3132
3112
33
32
333122
3132
3132
32
3112

#662

3221
2113
33
3221
3213
2113
33
3323
3221
3213
3213
3323
2113

#663

3212
3121
3212
3312
3121
23
3212
3312
3312
23
3121

#664

3221
3211
33
332312
3321
3211
33
32
332312
3321
3321
32
3211

#665

2321
2131
22
2231
223321
2131
22
23
2231
223321
223321
23
2131

#666

1223
1213
2112
211213
1233
1213
2112
2232
211213
1233
1233
2232
1213

#667

2213
2113
2222
2213
222133
2113
2222
2223
2213
222133
222133
2223
2113

#668

1223
1132
1223
1233
1132
23
1223
1233
1233
23
1132

#669

2132
1321
123321
13133221
12313221
1321
123321
23
13133221
12313221
12313221
23
1321

#670

2213
2113
222323
2123
222133
2113
222323
223233
2123
222133
222133
223233
2113

#671

1322
1312
1331
3122
113312
1312
1331
3332
3122
113312
113312
3332
1312

#672

2132
2131
22132132
213211
221332
2131
22132132
232323
213211
221332
221332
232323
2131

#673

1322
1132
2112
132112
13221132
1132
2112
32
132112
13221132
13221132
32
1132

#674

2132
1321
213231
3221
21132312
1321
213231
2333
3221
21132312
21132312
2333
1321

#675

2321
2311
22
2123
232312
2311
22
23
2123
232312
232312
23
2311

#676

2321
1231
132321
123211
1323
1231
132321
232323
123211
1323
1323
232323
1231

#677

2321
1231
11
213211
2313
1231
11
23
213211
2313
2313
23
1231

#678

3212
1321
1322
3231
1321
32
1322
3231
3231
32
1321

#679

2132
1231
22
2321
212332
1231
22
23
2321
212332
212332
23
1231

#680

1223
1213
123213
12123313
112133
1213
123213
2322
12123313
112133
112133
2322
1213

#681

2132
3211
22
2132
322132
3211
22
32
2132
322132
322132
32
3211

#682

1223
1123
1212
1223
12112233
1123
1212
23
1223
12112233
12112233
23
1123

#683

3212
1213
313212
3122
13221132
1213
313212
3332
3122
13221132
13221132
3332
1213

#684

1223
1213
22
1223
2133
1213
22
2322
1223
2133
2133
2322
1213

#685

2132
1231
221313
213323
211331
1231
221313
2232
213323
211331
211331
2232
1231

#686

1232
1312
1212
1232
11321322
1312
1212
32
1232
11321322
11321322
32
1312

#687

3221
2131
32322121
3221
32213121
2131
32322121
323232
3221
32213121
32213121
323232
2131

#688

2132
1213
12213223
1223
12211323
1213
12213223
232323
1223
12211323
12211323
232323
1213

#689

1322
1312
1313
131122
1332
1312
1313
3332
131122
1332
1332
3332
1312

#690

3212
1231
33
313223
3231
1231
33
32
313223
3231
3231
32
1231

#691

1232
1312
1223
3213
1312
32
1223
3213
3213
32
1312

#692

2132
1312
1221
1223
131213
1312
1221
3222
1223
131213
131213
3222
1312

#693

1322
3112
11
1232
311312
3112
11
32
1232
311312
311312
32
3112

#694

3221
2131
33
332213
3231
2131
33
32
332213
3231
3231
32
2131

#695

2132
2113
11
211132
1323
2113
11
23
211132
1323
1323
23
2113

#696

3212
3112
3232
1232
3321
3112
3232
323232
1232
3321
3321
323232
3112

#697

2312
3112
33
323132
3213
3112
33
32
323132
3213
3213
32
3112

#698

2321
2311
22132231
2123
23213211
2311
22132231
233223
2123
23213211
23213211
233223
2311

#699

2213
2113
2323
2231
2313
2113
2323
223233
2231
2313
2313
223233
2113

#700

3122
1312
11
3122
311231
1312
11
32
3122
311231
311231
32
1312

#701

3221
2113
33
3221
3213
2113
33
3323
3221
3213
3213
3323
2113

#702

3212
3121
313313
31312312
3132
3121
313313
3233
31312312
3132
3132
3233
3121

#703

1232
1123
231123
13112332
12131223
1123
231123
23
13112332
12131223
12131223
23
1123

#704

2231
2311
22
2213
2331
2311
22
2223
2213
2331
2331
2223
2311

#705

2213
1213
11
122113
1233
1213
11
23
122113
1233
1233
23
1213

#706

2231
2113
22
2123
2133
2113
22
2223
2123
2133
2133
2223
2113

#707

1223
3112
1223
3123
3112
32
1223
3123
3123
32
3112

#708

3122
3112
3212
3312
3112
32
3212
3312
3312
32
3112

#709

2213
2311
22
2123
2313
2311
22
2322
2123
2313
2313
2322
2311

#710

2132
1321
2121
3221
13213212
1321
2121
23
3221
13213212
13213212
23
1321

#711

2132
1213
231213
13121332
21121332
1213
231213
23
13121332
21121332
21121332
23
1213

#712

3221
3211
33223223
323123
332212
3211
33223223
323223
323123
332212
332212
323223
3211

#713

1232
1312
1232
3123
1312
32
1232
3123
3123
32
1312

#714

1232
3112
1232
3123
3112
32
1232
3123
3123
32
3112

#715

2231
2311
22
2213
223123
2311
22
23
2213
223123
223123
23
2311

#716

3221
2131
33
332213
3231
2131
33
23
332213
3231
3231
23
2131

#717

1223
1213
11
112213
111323
1213
11
32
112213
111323
111323
32
1213

#718

3212
1321
33
1322
3231
1321
33
3332
1322
3231
3231
3332
1321

#719

1223
1312
1212
1223
11231223
1312
1212
23
1223
11231223
11231223
23
1312

#720

2123
1213
1122
121123
1323
1213
1122
2223
121123
1323
1323
2223
1213

#721

2312
1321
321321
312211
213322
1321
321321
3233
312211
213322
213322
3233
1321

#722

2231
3211
3232
322331
322213
3211
3232
32
322331
322213
322213
32
3211

#723

3122
1132
1313
31321132
3213
1132
1313
32
31321132
3213
3213
32
1132

#724

2123
1321
2121
2123
13212123
1321
2121
23
2123
13212123
13212123
23
1321

#725

2321
1231
122313
12313213
122332
1231
122313
23
12313213
122332
122332
23
1231

#726

3122
3112
3122
3312
3112
32
3122
3312
3312
32
3112

#727

2321
2113
22
2321
2313
2113
22
2223
2321
2313
2313
2223
2113

#728

2213
2113
2213
2133
2113
23
2213
2133
2133
23
2113

#729

2312
1213
232311
231211
2313
1213
232311
232323
231211
2313
2313
232323
1213

#730

3212
2311
3212
3321
2311
32
3212
3321
3321
32
2311

#731

2312
1123
2323
1223
1233
1123
2323
232233
1223
1233
1233
232233
1123

#732

1322
1132
3232
1322
3213
1132
3232
323322
1322
3213
3213
323322
1132

#733

2312
1213
232131
122131
2313
1213
232131
232332
122131
2313
2313
232332
1213

#734

1232
1231
33123312
31312231
113312
1231
33123312
332232
31312231
113312
113312
332232
1231

#735

2123
2113
2323
2321
1233
2113
2323
232233
2321
1233
1233
232233
2113

#736

1223
1123
1122
1223
111323
1123
1122
3222
1223
111323
111323
3222
1123

#737

1322
1312
1313
131212
1332
1312
1313
3323
131212
1332
1332
3323
1312

#738

2312
1321
123123
13132231
123322
1321
123123
23
13132231
123322
123322
23
1321

#739

2213
1213
11
211321
2133
1213
11
23
211321
2133
2133
23
1213

#740

2321
2131
212221
2123
21233121
2131
212221
2322
2123
21233121
21233121
2322
2131

#741

2132
1213
23122132
312211
212323
1213
23122132
232323
312211
212323
212323
232323
1213

#742

2312
3211
33321231
333221
32123121
3211
33321231
3323
333221
32123121
32123121
3323
3211

#743

3221
3121
3333
333221
3312
3121
3333
3332
333221
3312
3312
3332
3121

#744

1232
1312
3122
1332
1312
23
3122
1332
1332
23
1312

#745

2132
1321
2121
112132
21132132
1321
2121
23
112132
21132132
21132132
23
1321

#746

2123
1213
2112
112123
212233
1213
2112
23
112123
212233
212233
23
1213

#747

2132
1231
132312
132323
123131
1231
132312
3222
132323
123131
123131
3222
1231

#748

2321
2113
22132213
2123
22132131
2113
22132213
232233
2123
22132131
22132131
232233
2113

#749

2123
3121
2323
2321
3123
3121
2323
232323
2321
3123
3123
232323
3121

#750

3212
3112
11
3212
331211
3112
11
32
3212
331211
331211
32
3112

#751

2123
2113
2323
2213
1233
2113
2323
223233
2213
1233
1233
223233
2113

#752

2231
3211
22
2123
322231
3211
22
32
2123
322231
322231
32
3211

#753

3122
1312
2112
113212
31212312
1312
2112
23
113212
31212312
31212312
23
1312

#754

3221
1321
1313
31232131
1332
1321
1313
23
31232131
1332
1332
23
1321

#755

3221
2131
22
3221
322213
2131
22
23
3221
322213
322213
23
2131

#756

2312
3121
1212
2312
23312112
3121
1212
32
2312
23312112
23312112
32
3121

#757

1223
1213
2121
112123
12121323
1213
2121
23
112123
12121323
12121323
23
1213

#758

2231
2131
233323
231323
2331
2131
233323
232323
231323
2331
2331
232323
2131

#759

2132
1231
3131
31122331
121331
1231
3131
32
31122331
121331
121331
32
1231

#760

2231
2113
22
2321
2313
2113
22
2223
2321
2313
2313
2223
2113

#761

2312
3121
23213212
2312
23132112
3121
23213212
232332
2312
23132112
23132112
232332
3121

#762

2213
2113
221221
2123
22113213
2113
221221
2223
2123
22113213
22113213
2223
2113

#763

2213
2113
2123
2313
2113
23
2123
2313
2313
23
2113

#764

2123
3121
33
332123
3123
3121
33
32
332123
3123
3123
32
3121

#765

1223
1132
11
1223
111323
1132
11
23
1223
111323
111323
23
1132

#766

2321
1321
213213
13213213
2133
1321
213213
2223
13213213
2133
2133
2223
1321

#767

2312
1231
2312
2331
1231
32
2312
2331
2331
32
1231

#768

3122
3112
3122
3312
3112
32
3122
3312
3312
32
3112

#769

2312
1213
221313
21213313
2313
1213
221313
2223
21213313
2313
2313
2223
1213

#770

2321
3211
3232312321
323231
32123211
3211
3232312321
233232
323231
32123211
32123211
233232
3211

#771

2123
2113
11
211213
2133
2113
11
23
211213
2133
2133
23
2113

#772

1223
1213
132132
11322313
111323
1213
132132
3222
11322313
111323
111323
3222
1213

#773

2132
1321
31321332
31321321
1332
1321
31321332
322332
31321321
1332
1332
322332
1321

#774

1232
3112
331331
333212
131312
3112
331331
3323
333212
131312
131312
3323
3112

#775

2213
3211
33
323123
3123
3211
33
32
323123
3123
3123
32
3211

#776

2231
2311
22
2213
2331
2311
22
2223
2213
2331
2331
2223
2311

#777

2231
2113
222323
2123
222313
2113
222323
223323
2123
222313
222313
223323
2113

#778

2123
1231
2222
2231
212323
1231
2222
2232
2231
212323
212323
2232
1231

#779

3212
3121
3122
3321
3121
32
3122
3321
3321
32
3121

#780

3212
1132
3212
3213
1132
32
3212
3213
3213
32
1132

#781

2312
1231
12322312
1232
12233112
1231
12322312
232332
1232
12233112
12233112
232332
1231

#782

2132
3211
33
333221
3312
3211
33
32
333221
3312
3312
32
3211

#783

2312
1321
3232
3221
1332
1321
3232
322332
3221
1332
1332
322332
1321

#784

1322
3112
132123
1232
13231122
3112
132123
3323
1232
13231122
13231122
3323
3112

#785

3221
3211
3221
3231
3211
23
3221
3231
3231
23
3211

#786

2312
1213
122212
1223
12231213
1213
122212
2223
1223
12231213
12231213
2223
1213

#787

3212
1321
1212
3212
13232112
1321
1212
32
3212
13232112
13232112
32
1321

#788

1223
1213
11
112213
2133
1213
11
23
112213
2133
2133
23
1213

#789

3221
1321
1313
31322113
3132
1321
1313
23
31322113
3132
3132
23
1321

#790

3221
2311
2321
3321
2311
23
2321
3321
3321
23
2311

#791

3212
1312
132132
1322
132311
1312
132132
323322
1322
132311
132311
323322
1312

#792

2321
2311
2231
3231
2311
32
2231
3231
3231
32
2311

#793

2123
1231
312312
312233
12231231
1231
312312
32
312233
12231231
12231231
32
1231

#794

1232
1132
11
111232
111233
1132
11
32
111232
111233
111233
32
1132

#795

2123
1213
123123
122311
1323
1213
123123
223233
122311
1323
1323
223233
1213

#796

3212
1231
3221
3132
1231
23
3221
3132
3132
23
1231

#797

2123
2113
2123
1323
2113
23
2123
1323
1323
23
2113

#798

3221
2131
2121
3212
23123121
2131
2121
32
3212
23123121
23123121
32
2131

#799

3221
1321
313313
13313221
3132
1321
313313
3323
13313221
3132
3132
3323
1321

#800

2123
3121
22
2231
231223
3121
22
23
2231
231223
231223
23
3121

#801

3122
3112
3333
331232
3132
3112
3333
3323
331232
3132
3132
3323
3112

#802

2123
1213
1212
1223
121133
1213
1212
2232
1223
121133
121133
2232
1213

#803

2132
1123
22
1223
2133
1123
22
2232
1223
2133
2133
2232
1123

#804

3221
3121
33
332321
3321
3121
33
32
332321
3321
3321
32
3121

#805

2213
2131
11
221113
2133
2131
11
23
221113
2133
2133
23
2131

#806

3122
1213
3131
113212
3213
1213
3131
3332
113212
3213
3213
3332
1213

#807

1223
1123
11
112123
1233
1123
11
23
112123
1233
1233
23
1123

#808

3221
1321
3232
2132
3132
1321
3232
322332
2132
3132
3132
322332
1321

#809

2312
1231
11
132211
1323
1231
11
23
132211
1323
1323
23
1231

#810

2312
3112
3311
331232
312131
3112
3311
32
331232
312131
312131
32
3112

#811

2321
2131
321321
321323
21323211
2131
321321
32
321323
21323211
21323211
32
2131

#812

1223
1213
212313
23112313
2133
1213
212313
2223
23112313
2133
2133
2223
1213

#813

3221
2113
323211
322111
3213
2113
323211
323223
322111
3213
3213
323223
2113

#814

3221
2131
32212132
2132
32212131
2131
32212132
323232
2132
32212131
32212131
323232
2131

#815

2132
1321
2121
2132
13213221
1321
2121
23
2132
13213221
13213221
23
1321

#816

2312
3121
331212
332132
32132112
3121
331212
32
332132
32132112
32132112
32
3121

#817

2312
1231
2323
1223
2331
1231
2323
233232
1223
2331
2331
233232
1231

#818

1322
1132
33
3212
1332
1132
33
3323
3212
1332
1332
3323
1132

#819

2132
2113
313313
32121313
3213
2113
313313
3233
32121313
3213
3213
3233
2113

#820

3212
3112
3333
333212
3321
3112
3333
3332
333212
3321
3321
3332
3112

#821

2123
2113
22
2213
1323
2113
22
2232
2213
1323
1323
2232
2113

#822

1322
1123
3232
1322
1323
1123
3232
323232
1322
1323
1323
323232
1123

#823

3221
2131
3221
3213
2131
23
3221
3213
3213
23
2131

#824

1232
1123
11
111232
111332
1123
11
23
111232
111332
111332
23
1123

#825

3221
3121
3333
333221
3321
3121
3333
3332
333221
3321
3321
3332
3121

#826

3122
1123
3131
321112
1323
1123
3131
3323
321112
1323
1323
3323
1123

#827

2321
3121
3131
31221331
3123
3121
3131
32
31221331
3123
3123
32
3121

#828

3212
1321
33
3221
3123
1321
33
3323
3221
3123
3123
3323
1321

#829

2321
2131
22132213
21323113
221332
2131
22132213
2223
21323113
221332
221332
2223
2131

#830

2231
2311
2323
233213
232231
2311
2323
23
233213
232231
232231
23
2311

#831

3122
1312
31221232
1232
31132212
1312
31221232
332232
1232
31132212
31132212
332232
1312

#832

3221
3121
3212
3312
3121
32
3212
3312
3312
32
3121

#833

2321
2131
321321
322133
21233211
2131
321321
32
322133
21233211
21233211
32
2131

#834

2312
1123
1223
2133
1123
32
1223
2133
2133
32
1123

#835

2123
1213
22
2321
1323
1213
22
2223
2321
1323
1323
2223
1213

#836

2231
2311
223131
22331131
2313
2311
223131
2223
22331131
2313
2313
2223
2311

#837

2312
2113
22
2312
232123
2113
22
23
2312
232123
232123
23
2113

#838

2321
2113
232322
2321
232213
2113
232322
232323
2321
232213
232213
232323
2113

#839

3212
1213
3212
3213
1213
23
3212
3213
3213
23
1213

#840

3221
3211
33
323213
3321
3211
33
23
323213
3321
3321
23
3211

#841

3212
1321
123123
13312231
132322
1321
123123
23
13312231
132322
132322
23
1321

#842

1223
1231
123231
12312331
12122331
1231
123231
32
12312331
12122331
12122331
32
1231

#843

2312
3121
32313321
33123211
231322
3121
32313321
3233
33123211
231322
231322
3233
3121

#844

2123
3211
332323
323231
3123
3211
332323
232323
323231
3123
3123
232323
3211

#845

2123
3121
33
323123
3123
3121
33
23
323123
3123
3123
23
3121

#846

1232
1312
312312
311212
11233122
1312
312312
3233
311212
11233122
11233122
3233
1312

#847

3122
1132
1331
131122
131123
1132
1331
3323
131122
131123
131123
3323
1132

#848

2231
2131
22212313
21233113
222133
2131
22212313
2223
21233113
222133
222133
2223
2131

#849

1223
1123
123123
112312
111323
1123
123123
232323
112312
111323
111323
232323
1123

#850

3212
1321
312321
113212
31212321
1321
312321
3233
113212
31212321
31212321
3233
1321

#851

2132
2131
232131
31231231
21231231
2131
232131
23
31231231
21231231
21231231
23
2131

#852

2312
1231
12322132
132233
12231321
1231
12322132
2322
132233
12231321
12231321
2322
1231

#853

2312
1213
11
123121
123113
1213
11
32
123121
123113
123113
32
1213

#854

3221
3121
22
3221
323212
3121
22
23
3221
323212
323212
23
3121

#855

3221
3211
3333
333221
3321
3211
3333
3332
333221
3321
3321
3332
3211

#856

2132
1321
2121
2312
21132312
1321
2121
23
2312
21132312
21132312
23
1321

#857

2132
3121
22
3221
233122
3121
22
32
3221
233122
233122
32
3121

#858

2132
1231
123213
123323
121331
1231
123213
2322
123323
121331
121331
2322
1231

#859

2321
3121
32313321
32312311
3132
3121
32313321
322332
32312311
3132
3132
322332
3121

#860

3221
2311
231231
32231131
322312
2311
231231
23
32231131
322312
322312
23
2311

#861

2213
2113
22
2123
2133
2113
22
2232
2123
2133
2133
2232
2113

#862

1223
1213
1313
11232133
2133
1213
1313
23
11232133
2133
2133
23
1213

#863

2132
1213
2121
2132
21121332
1213
2121
23
2132
21121332
21121332
23
1213

#864

1232
1312
331133
331322
113312
1312
331133
3323
331322
113312
113312
3323
1312

#865

2321
2131
21232321
2123
21233211
2131
21232321
233232
2123
21233211
21233211
233232
2131

#866

2132
2113
2121
121132
221323
2113
2121
23
121132
221323
221323
23
2113

#867

2312
3211
22
2312
322312
3211
22
32
2312
322312
322312
32
3211

#868

3122
1132
311232
1322
311123
1132
311232
323232
1322
311123
311123
323232
1132

#869

2123
1213
2121
112123
21122313
1213
2121
23
112123
21122313
21122313
23
1213

#870

3212
3211
332332
332321
3321
3211
332332
332322
332321
3321
3321
332322
3211

#871

2213
1213
2121
212311
1233
1213
2121
2223
212311
1233
1233
2223
1213

#872

2231
2131
2231
2313
2131
23
2231
2313
2313
23
2131

#873

2321
2131
232232
2321
223321
2131
232232
232332
2321
223321
223321
232332
2131

#874

1223
1123
11
111223
1233
1123
11
23
111223
1233
1233
23
1123

#875

1322
1132
11
131122
131123
1132
11
23
131122
131123
131123
23
1132

#876

1232
1312
1212
1322
11321322
1312
1212
32
1322
11321322
11321322
32
1312

#877

2123
1321
22
2213
1323
1321
22
2232
2213
1323
1323
2232
1321

#878

1322
1231
3131
31123231
3231
1231
3131
32
31123231
3231
3231
32
1231

#879

1223
3112
2323
2132
3123
3112
2323
233223
2132
3123
3123
233223
3112

#880

1223
1213
11
1223
111323
1213
11
23
1223
111323
111323
23
1213

#881

2132
2131
3131
31322131
3231
2131
3131
32
31322131
3231
3231
32
2131

#882

2312
1321
12232132
1223
12323112
1321
12232132
233232
1223
12323112
12323112
233232
1321

#883

3221
1321
3232
3212
312322
1321
3232
3233
3212
312322
312322
3233
1321

#884

3221
2113
3232
2132
3213
2113
3232
322332
2132
3213
3213
322332
2113

#885

2132
1321
2121
3212
21313212
1321
2121
23
3212
21313212
21313212
23
1321

#886

2321
2131
22
2321
223231
2131
22
23
2321
223231
223231
23
2131

#887

2132
1213
2121
2132
121133
1213
2121
2232
2132
121133
121133
2232
1213

#888

2312
3121
31233312
31331221
312322
3121
31233312
2333
31331221
312322
312322
2333
3121

#889

2123
3121
2213
3123
3121
23
2213
3123
3123
23
3121

#890

3221
3121
3232
2132
3321
3121
3232
332232
2132
3321
3321
332232
3121

#891

2213
2113
2222
2123
222313
2113
2222
2223
2123
222313
222313
2223
2113

#892

1223
3112
1223
3123
3112
32
1223
3123
3123
32
3112

#893

2132
3121
332323
332132
312322
3121
332323
3233
332132
312322
312322
3233
3121

#894

2132
1213
22
1223
2313
1213
22
2322
1223
2313
2313
2322
1213

#895

2312
3121
3311
331232
233111
3121
3311
32
331232
233111
233111
32
3121

#896

1223
1213
11
1223
112313
1213
11
23
1223
112313
112313
23
1213

#897

3122
1123
33
3212
3213
1123
33
3323
3212
3213
3213
3323
1123

#898

2321
1213
11
122131
1233
1213
11
23
122131
1233
1233
23
1213

#899

1232
1132
3122
1332
1132
23
3122
1332
1332
23
1132

#900

2123
3211
3322
332123
322213
3211
3322
32
332123
322213
322213
32
3211

#901

1232
1321
3131
31132132
3321
1321
3131
32
31132132
3321
3321
32
1321

#902

3212
1231
11
131221
1323
1231
11
23
131221
1323
1323
23
1231

#903

3221
3121
33
332321
3321
3121
33
32
332321
3321
3321
32
3121

#904

3212
1321
333131
331232
321311
1321
333131
3332
331232
321311
321311
3332
1321

#905

2231
3211
23133123
32131123
2313
3211
23133123
223323
32131123
2313
2313
223323
3211

#906

1322
1123
1331
113122
3213
1123
1331
3323
113122
3213
3213
3323
1123

#907

3212
3112
33
3122
3321
3112
33
3332
3122
3321
3321
3332
3112

#908

3221
3211
3221
3321
3211
32
3221
3321
3321
32
3211

#909

2132
3121
332121
333212
31213212
3121
332121
32
333212
31213212
31213212
32
3121

#910

1232
3112
323112
31331122
12331212
3112
323112
32
31331122
12331212
12331212
32
3112

#911

1223
3112
331212
331223
31121223
3112
331212
32
331223
31121223
31121223
32
3112

#912

2213
1321
1313
12332131
1323
1321
1313
23
12332131
1323
1323
23
1321

#913

2213
1213
221122
112123
221233
1213
221122
2232
112123
221233
221233
2232
1213

#914

2132
1321
2121
3212
13213212
1321
2121
23
3212
13213212
13213212
23
1321

#915

3212
1312
33
3122
3123
1312
33
3332
3122
3123
3123
3332
1312

#916

2123
1123
1221
121132
1233
1123
1221
2223
121132
1233
1233
2223
1123

#917

1322
1312
1322
3132
1312
32
1322
3132
3132
32
1312

#918

1223
1213
1221
112321
112313
1213
1221
2223
112321
112313
112313
2223
1213

#919

2312
1213
122212
1223
12231123
1213
122212
2232
1223
12231123
12231123
2232
1213

#920

3212
1321
321321
1322
321311
1321
321321
323322
1322
321311
321311
323322
1321

#921

3221
2131
3232
2132
322321
2131
3232
3332
2132
322321
322321
3332
2131

#922

1232
1231
3131
31122331
112331
1231
3131
32
31122331
112331
112331
32
1231

#923

1322
1231
3131
31312231
113231
1231
3131
32
31312231
113231
113231
32
1231

#924

2213
2131
2223321331
22313131
222331
2131
2223321331
223323
22313131
222331
222331
223323
2131

#925

3212
3121
33231132
331232
323111
3121
33231132
332232
331232
323111
323111
332232
3121

#926

1232
1132
2132
2313
1132
32
2132
2313
2313
32
1132

#927

2132
1231
2121
3221
21123312
1231
2121
23
3221
21123312
21123312
23
1231

#928

2132
1321
132132
13133221
132322
1321
132132
23
13133221
132322
132322
23
1321

#929

2213
2113
2213
2133
2113
23
2213
2133
2133
23
2113

#930

1232
1213
32133123
31212313
113123
1213
32133123
322332
31212313
113123
113123
322332
1213

#931

2123
3121
3131
31323211
3123
3121
3131
23
31323211
3123
3123
23
3121

#932

1232
1312
1232
2313
1312
32
1232
2313
2313
32
1312

#933

2312
1321
3123322312
313223
12332112
1321
3123322312
323232
313223
12332112
12332112
323232
1321

#934

3212
3121
33
2312
3312
3121
33
3233
2312
3312
3312
3233
3121

#935

3122
1312
3113
113122
3123
1312
3113
3332
113122
3123
3123
3332
1312

#936

2321
2311
2233
232313
223231
2311
2233
23
232313
223231
223231
23
2311

#937

1223
1312
2132
1323
1312
32
2132
1323
1323
32
1312

#938

3212
1213
2121
3221
32112132
1213
2121
23
3221
32112132
32112132
23
1213

#939

3221
3121
3232
2132
3231
3121
3232
323223
2132
3231
3231
323223
3121

#940

2132
3121
3322
333221
312322
3121
3322
32
333221
312322
312322
32
3121

#941

2312
1321
3212
3132
1321
23
3212
3132
3132
23
1321

#942

3212
1213
33
3212
3213
1213
33
3323
3212
3213
3213
3323
1213

#943

3221
1321
11
321121
3213
1321
11
23
321121
3213
3213
23
1321

#944

1223
3112
2312
3123
3112
32
2312
3123
3123
32
3112

#945

1223
1123
11
112123
1233
1123
11
23
112123
1233
1233
23
1123

#946

2213
2131
22
2123
2331
2131
22
2322
2123
2331
2331
2322
2131

#947

1322
3112
1212
3122
31132122
3112
1212
32
3122
31132122
31132122
32
3112

#948

2231
2131
11
221311
1233
2131
11
23
221311
1233
1233
23
2131

#949

2231
2131
33
223313
2331
2131
33
23
223313
2331
2331
23
2131

#950

2312
1231
232311
2312
231311
1231
232311
232332
2312
231311
231311
232332
1231

#951

2312
2131
32223112
322111
223132
2131
32223112
322332
322111
223132
223132
322332
2131

#952

1322
3112
333232
333212
3312
3112
333232
332322
333212
3312
3312
332322
3112

#953

1223
1132
1122
111223
1233
1132
1122
3222
111223
1233
1233
3222
1132

#954

2312
3121
332323
331223
3231
3121
332323
323223
331223
3231
3231
323223
3121

#955

3221
2311
323323
323231
233212
2311
323323
3323
323231
233212
233212
3323
2311

#956

1322
3112
321132
3212
311132
3112
321132
332322
3212
311132
311132
332322
3112

#957

2132
1123
2132
2133
1123
23
2132
2133
2133
23
1123

#958

1223
1312
11
111223
1233
1312
11
23
111223
1233
1233
23
1312

#959

2312
1312
2312
1233
1312
32
2312
1233
1233
32
1312

#960

2132
3112
1223
3213
3112
32
1223
3213
3213
32
3112

#961

2321
2131
2323
221333
223231
2131
2323
32
221333
223231
223231
32
2131

#962

2123
3121
2123
3123
3121
32
2123
3123
3123
32
3121

#963

1322
1132
132132
113212
1332
1132
132132
323322
113212
1332
1332
323322
1132

#964

2312
3112
2312
2331
3112
32
2312
2331
2331
32
3112

#965

3212
3112
3131
33123112
3312
3112
3131
32
33123112
3312
3312
32
3112

#966

3221
2311
22
2321
322321
2311
22
23
2321
322321
322321
23
2311

#967

1322
1321
1322
3312
1321
32
1322
3312
3312
32
1321

#968

2213
2311
3232
233123
2313
2311
3232
2322
233123
2313
2313
2322
2311

#969

2312
1231
2211
2123
213311
1231
2211
2232
2123
213311
213311
2232
1231

#970

1223
3112
332323
331223
3123
3112
332323
323223
331223
3123
3123
323223
3112

#971

1322
3112
3311
333122
311312
3112
3311
32
333122
311312
311312
32
3112

#972

1232
1123
2112
111322
12131223
1123
2112
23
111322
12131223
12131223
23
1123

#973

1232
1123
3232
3212
1332
1123
3232
322323
3212
1332
1332
322323
1123

#974

2321
2113
22
2213
2313
2113
22
2223
2213
2313
2313
2223
2113

#975

3122
3121
333232
331232
3321
3121
333232
332232
331232
3321
3321
332232
3121

#976

2132
3121
33
332132
3132
3121
33
32
332132
3132
3132
32
3121

#977

2123
2113
22
2231
1323
2113
22
2232
2231
1323
1323
2232
2113

#978

1223
1132
2123
1323
1132
23
2123
1323
1323
23
1132

#979

3212
3211
321321
333212
32123211
3211
321321
32
333212
32123211
32123211
32
3211

#980

2321
3211
2121
2213
32213211
3211
2121
32
2213
32213211
32213211
32
3211

#981

2231
2131
2223213313
22313113
222133
2131
2223213313
223233
22313113
222133
222133
223233
2131

#982

3212
1132
321312
113122
3213
1132
321312
323232
113122
3213
3213
323232
1132

#983

2231
3121
3131
31233211
3123
3121
3131
32
31233211
3123
3123
32
3121

#984

1223
1312
1122
112132
1323
1312
1122
3222
112132
1323
1323
3222
1312

#985

2123
2113
2121
122113
222133
2113
2121
23
122113
222133
222133
23
2113

#986

2132
1312
1313
12331123
1323
1312
1313
23
12331123
1323
1323
23
1312

#987

3221
2131
3221
3231
2131
23
3221
3231
3231
23
2131

#988

1322
1132
11
3122
113123
1132
11
32
3122
113123
113123
32
1132

#989

2321
3211
2231
2331
3211
23
2231
2331
2331
23
3211

#990

3212
1123
3232
1322
3213
1123
3232
323322
1322
3213
3213
323322
1123

#991

2321
1231
231231
123121
231223
1231
231231
2333
123121
231223
231223
2333
1231

#992

2231
3121
3131
32123311
3123
3121
3131
23
32123311
3123
3123
23
3121

#993

1232
1231
1232
3231
1231
32
1232
3231
3231
32
1231

#994

3212
1321
321321
1322
321311
1321
321321
323322
1322
321311
321311
323322
1321

#995

1322
3121
33
333212
3312
3121
33
32
333212
3312
3312
32
3121

#996

3221
2311
22
3221
233221
2311
22
23
3221
233221
233221
23
2311

#997

2312
1321
123213
13321231
123322
1321
123213
23
13321231
123322
123322
23
1321

#998

2231
2113
2222
2231
222313
2113
2222
2223
2231
222313
222313
2223
2113

#999

3122
1123
11
3212
131213
1123
11
23
3212
131213
131213
23
1123

#1000

2132
2113
22
2132
221332
2113
22
23
2132
221332
221332
23
2113