

#1
52134
512155425143
5512555141
5525541334
512154522413
51215434
5125545535424213
51255455455411
5423
51215423
51215542154234
5425242134
5125545145241334
5125545142
51215423
55451425542314
545422554131
55412134
5125545535424213
51215542154234
54221334
5515521334
51255455423134
512154522413
512554122545354134
51215423
55451425542314
52121334
54221334
5423

#2
45332124
45513453132251
313245
33425541
4535133245
455145312454
45345432
45344312
4532
45513212
455134512541
4533451324
45332124
453453
45513212
4441523124
443541325312
45312451
45345432
455134512541
45332124
43253454
454533212514
4535133245
453434513324
45513212
4441523124
31322541
45332124
4532

#3
4323454241
432115431253
44221254
43152354
4421232115
2412312554
1545312553
4321354211535243
421345212433
21125534
4312521125
4321
414251214343
12121212
21125534
1521542543
21213554
15214543
1545312553
4312521125
4323454241
4233
15421323
4421232115
43121121125534
21125534
1521542543
15432123
4323454241
421345212433

#4
2434214543
2433214443
2432432145
24335415
243451
21455143
243443
2432423145
2435
23215415
24332321
24332321
2434241543
23215415
4345
23215415
42154531
243443
24332321
2434214543
243443
24231351
243451
24335415
23215415
4345
24323151
2434214543
2435

#5
52314432
51231251
15512451
55231434
12231521
125324423351
2315155435
152545
5423
55231142
23123243
1432
54432312
2323
55231142
1515431451
55231142
51443251
2315155435
23123243
52314432
515542331151
12343251
12231521
23551434
55231142
1515431451
12324351
52314432
5423

#6
12425343
515223
54511512
45245133
2513
41554123
52443543
5142
442534
15224531
4123
1423
45143223
15224531
145143
15224531
41551423
52443543
4123
12425343
545415243351
41521233
2513
54451233
15224531
145143
42153312
12425343
442534

#7
35443122
3543452513412451
3545123544
34352154
3431522341255414
545341255414
543123254124
5354354124
55352554
513551241251
53143354125514
53545354351254
553144351212
5551125112
513551241251
555351345314
5554351212
5512535144
543123254124
53143354125514
35443122
5545332544
5535213412
3431522341255414
55351431225124
513551241251
555351345314
53112234
35443122
55352554

#8
33224154
15213215
335421
34514532
3313255454
31455214
31345215
33151421
335315255145
1321215145
31342512413524
3342521415325145
3134212154
11
1321215145
3341355145
32215145
3455215145
31345215
31342512413524
33224154
332455
31453221
3313255454
31454532
1321215145
3341355145
34135221
33224154
335315255145

#9
45312234
215325
2343213253
24351534
235331
41525314
213134
2413232353
2345
24535112
512534
2425412534
23415324
24535112
2345253354
24535112
12453541
213134
512534
45312234
213134
12235314
235331
24351534
24535112
2345253354
23123541
45312234
2345

#10
423425231233
442123
444251
4444523315
441523
4442154513
45445323
4542342123
4523
45223115
444231
454425231233
45432231
454454
45223115
4423454233
444425234115
45432151
45445323
444231
423425231233
44442343
452342154513
441523
4544415233
45223115
4423454233
42231531
423425231233
4523

#11
21432435
25112142511513514323
215143212451324152
51432435
212124125114515132
21241325112451513352
2151321251454435
51321514334435
2121434245
2151321251451521
212415151321
21214321243324
21212415121345153212
2121351212513212
2151321251451521
215145451321
212151452132
51241435
2151321251454435
212415151321
21432435
21215145214513243152
32215143
212124125114515132
25112151421513321245
2151321251451521
215145451321
212151432132
21432435
2121434245

#12
233423253214
3424233111
224222153443
432533443145
22424221334435
3242312153344345
422331524415
2332123345
24225311
42315251
442332123345143145
32241211
223221334354
342332533435
42315251
2334224332143514
3424322331423515
43251145
422331524415
442332123345143145
233423253214
32222133424314
23342315431554
22424221334435
32344155
42315251
2334224332143514
2223231415
233423253214
24225311

#13
45432321
4545525123
4521
45543123
454551212321
454554435121
4544352232
454421
45454523
45512321
4545543521
45454321
454544352321
4545
45512321
45454554325121
454545523211
454554435121
4544352232
4545543521
45432321
4544352232
454545312213
454551212321
45435213
45512321
45454554325121
54312123
45432321
45454523

#14
3431322534
231231325512
231233512314
13525344
2312313512
2312315243125412
31555423121512
1555233312535124
31215325413125
12355124
3412
312315254334125354
23121315241124
2312123112
12355124
341154
23121554
35412415
31555423121512
3412
3431322534
2312355142
32431512
2312313512
3231552433155124
12355124
341154
2132154131
3431322534
31215325413125

#15
12443532
112511325212
121434124532
4254143345
112511431545
112514143425545332
1521412453153245
15215145
512143224531124325
12245513
12454435
512131245143514325
1121344235
112413312433
12245513
511412551432
5121434312543122
51143245
1521412453153245
12454435
12443532
1241434125431245
15214323
112511431545
11213125143245
12245513
511412551432
124132511232
12443532
512143224531124325

#16
2441544332
144451423251
4145445342411453
445443241453
41424445244432
1445241543
412411423123
41541241
44454432
42151532
4424441443
424413
44244413445432
4444
42151532
42141542415153
4241413525
4144554213
412411423123
4424441443
2441544332
12415421314253
414452441332
41424445244432
45415332
42151532
42141542415153
15241332
2441544332
44454432

#17
43124523
21431441224323
411241124125
42134535
414523
413512243523
114121423423
14141245
24132131124345
11124112152523
4211235131212523
2413211412412323
41234253
4124122323
11124112152523
4213141244123523
41214124512523
11245345
114121423423
4211235131212523
43124523
4112311241212423
4234114235
414523
241321441452233523
11124112152523
4213141244123523
241323112125
43124523
24132131124345

#18
2223423451
221311
222451
23344515
22221235
21314545
23421245534515
2324212324541515
23433445
22143515
2233421311
3242425145
222234134511
2121
22143515
2223421451
22314515
34211455
23421245534515
2233421311
2223423451
2343
2212323451
22221235
232412314515
22143515
2223421451
23234115
2223423451
23433445

#19
44531232
1534121245
32123245
41532345
11321353
11445312123523
411332
114512
443245
15451232
1413231232
41232332
4321233453
3232
15451232
145134552332
12321455
14512345
411332
1413231232
44531232
44532345
41532312
11321353
41324553
15451232
145134552332
41323512
44531232
443245

#20
43252413
43215253543115
512141
54321453
155523
4321552435215434
1152542233
432115432241
5432554334
15252152214513
155243521521
43225215
1212153434
43211432
15252152214513
432145452145
432243153145
1552554314
1152542233
155243521521
43252413
43252143215343
432114145231
155523
4321153145
15252152214513
432145452145
14532231
43252413
5432554334

#21
33452214
5545231452
45445521
4534423541
4452312121
4355231134
455354453222
435554532451
3452
54513221
43434321
45344521
45334221
333434
54513221
55452234
354354123214
45354211
455354453222
43434321
33452214
453545522324
53212314
4452312121
455344531452
54513221
55452234
32354211
33452214
3452

#22
43224312342453
4325211451
5211541445
32514453
554432551445
43252132545513
554323
432524312545
432445
5251325145
525312541325514453
43221332
5251324453
4325252432
5251325145
43522125312435
43224132532145
52114453
554323
525312541325514453
43224312342453
43522123251323
43252113
554432551445
432525251345
5251325145
43522125312435
52114323
43224312342453
432445

#23
23435421
233321
2324355251
23344551
232521
43542511
4352345455
453435251455
422545253455
23455211
23342321
42535233445251
43523421
23455211
232445
23452511
435445542511
4352345455
23342321
23435421
4354243555
23342511
232521
425343544551
23455211
232445
2324232511
23435421
422545253455

#24
52423431
251523
252115352314
55231434
2512525131
2515554314
25115525423131
25115514
5234
2512541223
251255125143
2431
252522435134
2525
2512541223
2512242341
55221314
25511434
25115525423131
251255125143
52423431
251522355431
25112343
2512525131
252523554314
2512541223
2512242341
25211343
52423431
5234

#25
343454123423
345341521312
2355542312
55341423
5515221312
34534545345112
3425345554
34235155234423
52341534254312
52514312
5253123423
3455455412
34542312
34134212
52514312
34551451
345514342312
53412541
3425345554
5253123423
343454123423
343454534152542312
34231521
5515221312
341525142312
52514312
34551451
23451312
343454123423
52341534254312

#26
31245432
5554512432
353142
51534423
5231531351
35415142
3425155315
5151525154
351435415423
51235142
525534351223
531542515122
34235131531542
354451345154
51235142
51541251314323
531544231432
35145142
3425155315
525534351223
31245432
342535
514342515423
5231531351
3545515243
51235142
51541251314323
35411223
31245432
351435415423

#27
21342345
123211
112145
23431545
2315
14321455
432311
112415
12311145
21321545
124311
2132123431
43213245
11
21321545
2312343145
21321545
14321455
432311
124311
21342345
231431
12234135
2315
1112354435
21321545
2312343145
23411325
21342345
12311145

#28
3212334324543342
12343342
325132515142
53154342
3251
12513454
35215134
5113251342543342
325121543212531332
32125154
32123342
3251215451543342
513432515412
5151
32125154
32334254
32512154
12545314
35215134
32123342
3212334324543342
32515134
51132342
3251
51543342
32125154
32334254
325132123342
3212334324543342
325121543212531332

#29
45342312
1223
1524
45534231
5552132112
45345121
4531223512
512554
4354323554
55423112
455312
4553455412
4532355412
435435
55423112
4551235412
453423354121
14235541
4531223512
455312
45342312
43122312
43125231
5552132112
43235541
55423112
4551235412
45312231
45342312
4354323554

#30
23213454
2333412141
121415
23314545
23212115
34521415
23345445
2145
2345
23121545
23233214
23212334
23213454
23121545
23212331214415
23211545
34215145
23345445
23233214
23213454
23213451214415
23231145
23212115
23341545
23121545
23212331214415
23321145
23213454
2345

#31
45432123
4314231213
4145541215
14554233
4142121523
43451215
14352135
15451215
2435
41512235
142322
43424212
43452123
41512235
214353452135
15452123
43451215
14352135
142322
45432123
41352135
24331215
4142121523
43125453
41512235
214353452135
42331215
45432123
2435

#32
232213254334
25412543
25432213
25433415
222135
223121545334
2334
22321543
23543434
23542115
222134
23212334
2254221334
25432543
23542115
23542334
2225412315
21154534
2334
222134
232213254334
2254254334
542215413534
222135
25431534
23542115
23542334
22131534
232213254334
23543434

#33
54423231
225351
544241
54243531
542452544213
2542254311
54432543
2541
2543
54252311
5422544231
243221
25443231
22
54252311
22243542
2225452311
54432511
54432543
5422544231
54423231
2542243543
24235311
542452544213
24335451
54252311
22243542
24233511
54423231
2543

#34
43542312
145332211543
235431
54135243
3155435432
15542413
54152431553422
5441541521
2534152215
15254312
15543254153143
254411554153
3433254312
15254312
315254341352
23152415
54243115
54152431553422
15543254153143
43542312
2543224354
32154321
3155435432
54431523
15254312
315254341352
23152143
43542312
2534152215

#35
52414323
215422135214
52144523245443
542354155443
5442112135445233
212112154453
222433
542144
21221534
2254221135
542221352521413453
542321544233
54425145232423
2125145224
2254221135
2154121143
54152123
25114453
222433
542221352521413453
52414323
5224544233
251452415343
5442112135445233
21542213221453
2254221135
2154121143
2122234153
52414323
21221534

#36
44352213
2145235444
21241521
23451453
21522131
215234342315
21432213
2145
24321521
2425152213
22512351242133
23224133
2244325213
222323
2425152213
25154235221343
512342352213
21445315
21432213
22512351242133
44352213
212343232213
21512343
21522131
2223541543
2425152213
25154235221343
212352114321
44352213
24321521

#37
13223454
123525
513141151323423254
51343254
5131143353443254
51321454
131324
1254
1151513254
51132254
5135114322543254
15125314
51314325133254
51345134
51132254
51314313513354
5134151332512454
13521454
131324
5135114322543254
13223454
5134115312
5134132332
5131143353443254
51334254
51132254
51314313513354
1115132342
13223454
1151513254

#38
323434234514
343522341151
3452323411532541
34325541
34345321
34545211
332455
53423414
34534432
32251541
3421
532432234514
34524321
22
32251541
325345154321
32525411
34552411
332455
3421
323434234514
5323451551
34523211
34345321
2532234541
32251541
325345154321
52341132
323434234514
34534432

#39
423242415243
2155321543452123
23415243215154
43253154
211554241543215154
215532154352315154
4155233515
1552524134515243
24534242
21552341
2155234413253154
453243452123
454245332154
2453324335
21552341
521524535154
45324352315154
45231154
4155233515
2155234413253154
423242415243
21152435231515
1552214335
211554241543215154
2453325434515243
21552341
521524535154
2341523221
423242415243
24534242

#40
42324513
232451545151
513425512321
44535321
45154325
232514433251
44233552142551
4514425151
42324542
23214551
42451435
4321
51444531423251
514324514432
23214551
51443551
4445523121
54143251
44233552142551
42451435
42324513
51453132
4433251421
45154325
514323514551
23214551
51443551
51324321
42324513
42324542

#41
44231352
4144232433
425212
41552433
11225132
11254435
4125134435
4125
4221442135
41253125
11224132
4211422431
1443211352
11
41253125
242435
21342155
4412443155
4125134435
11224132
44231352
42534435
11252433
11225132
45124353
41253125
242435
2211224533
44231352
4221442135

#42
22431354
15215115234145
1522145125
14525334
1521512523
152151154354
1521512542331454
152151151455
222435
151252311455
15125134
22312334
151425512334
15145545
151252311455
1521245534
21243155
15214354
1521512542331454
15125134
22431354
15231534
1521511452353445
1521512523
151523134545
151252311455
1521245534
15223134
22431354
222435

#43
3152234343
123531511132
12135115255231522334
1555534243
111551315233
123531551315234423
125314252443
3552123542
121535155231522342
11525342
112135523243
13151551525415234432
1115155314423233
12315351553142323423
11525342
3552354243
13151552531442323423
5115255443
125314252443
112135523243
3152234343
13155152255315223423
3512551243
111551315233
1231535515234432
11525342
3552354243
1213512231223423
3152234343
121535155231522342

#44
43324125
543121433251
324343324125
434351433245
325142314435121451
512144351551
43532151
325321124551
3243124332432512
1255432551
125434433214332451
1243
1322125431124551
124312543151
1255432551
1443225433254125
431254313245
14324515
43532151
125434433214332451
43324125
4332
4432431251
325142314435121451
121243324551
1255432551
1443225433254125
324332513212
43324125
3243124332432512

#45
21544323
5155211235
42122454
42335154
51422423
51421543
521152114323
51521154
512151212354
51215423
514223135123
51215143
52144323
55
51215423
51515443
51215423
51214354
521152114323
514223135123
21544323
42121233
5521123543
51422423
51423354
51215423
51515443
2152124233
21544323
512151212354

#46
23125443
122434
1542
54214353
2315
12155443
25435443
5412
541231
23125415
212243
254112243541
23125443
23125415
224354
23125415
54124135
25435443
212243
23125443
23545443
21423135
2315
54125433
23125415
224354
12125433
23125443
541231

#47
52143234
2131211221
25115154
5315253454
2511532125
21321315214345
535234
231523443234
21325214
15213425
53213534
213521521334
25143432
213213
15213425
15213142213234
21315213241352
15214345
535234
53213534
52143234
21315213153234
12153234
2511532125
213121523544
15213425
15213142213234
21321345
52143234
21325214

#48
12423345
111232
1223141235
12433545
12123512
1114354152
1111423344
111245
1231423235
11245235
1234
1234
12234345
11
11245235
12341425
11245235
14351425
1111423344
1234
12423345
14344123
15132432
12123512
1112334455
11245235
12341425
1231415123
12423345
1231423235

#49
34354221
33432241
3433434521
343434325154
3433422125
343434541251
433424
43434521
4333433452
43522151
3433343241
4333432314
33445221
33
43522151
33433534
3343521251
4434512541
433424
3433343241
34354221
34333424
3333212541
3433422125
434343532154
43522151
33433534
3333212541
34354221
4333433452

#50
323232245431
323222322441
32325241
32544315
323222232215
32223224514315
243223
3223241544
3254
2254322115
3222432231
323232432231
32322423543221
32232244
2254322115
3223225443
32324544322151
42354115
243223
3222432231
323232245431
3232243223
23214153
323222232215
32322322544315
2254322115
3223225443
32423115
323232245431
3254

#51
4124443352
111424344332
111425
14455332
11413425
1114124325443352
141332
11134242354332
3245
11234255
11441234
1423424332
43124325
434352443352
11234255
1132443352
413125443352
11453245
141332
11441234
4124443352
1145443352
114525443352
11413425
4144554332
11234255
1132443352
14135322
4124443352
3245

#52
43542123
54212543
5142
54245331
51221123
45312541
152443542123
415244
244354
54521123
243212
4312
43542123
54521123
1254243212
54521123
51241354
152443542123
243212
43542123
514243542123
24512331
51221123
25443531
54521123
1254243212
24512313
43542123
244354

#53
32124354
3212
3213224454
32143554
3212124145
12143554
12321243
32321254
32434354
12321554
1243
1243
32124354
12321554
321213224354
12321554
12143554
12321243
1243
32124354
12321243
32124315
3212124145
32143554
12321554
321213224354
32124315
32124354
32434354

#54
23534412
253125543543
23544524351244
354454524351
531525415243534412
25124515243544
253514354451
31255451354451
52454543
25453121
253553415452142531
5435455412
315254412531
2125121251
25453121
52433243
54251312
545435124541
253514354451
253553415452142531
23534412
52435344
12513243
531525415243534412
23125545151243
25453121
52433243
23412531
23534412
52454543

#55
23314524
152124534551
152455
42535314
2543554551
15245345544551
3454152431
4512
454525134551
23124551
453511245451
45521321452451
23123454
23124551
15212321452451
23145251
345145244551
3454152431
453511245451
23314524
15242534553124
15213234
2543554551
45513234
23124551
15212321452451
13522134
23314524
454525134551

#56
32523414
5532552551
52355314
55324134
553521
5552511344
55553524225344
55555421
3254
523152225541
5231523234
32322314
5231552344
521521
523152225541
5323552434
55324211
52115344
55553524225344
5231523234
32523414
52553124251344
5532523141
553521
52355125423141
523152225541
5323552434
52321134
32523414
3254

#57
34534221
3435543221
3335443214
3355413432
3335431432
333353154214
53321541
345534154211
333254
35221541
3332213432
343321
33355345321432
333355345354
35221541
333533221535421432
33333532154132
53142154
53321541
3332213432
34534221
333354354432
335355345352144132
3335431432
3435345321
35221541
333533221535421432
35413221
34534221
333254

#58
45334221
4133214123
5421
54153423
1532
41553214
545332
5421
3524
54315221
4321
343321
43532214
54315221
51334413
54315221
41553214
545332
4321
45334221
545332
15324123
1532
54315423
54315221
51334413
34152321
45334221
3524

#59
12435243
111111223515
114514452445
452345414355
11111423454455
111111244355
11114112341431
11114512441441
114241231452
1111234525
1111232324541435
11423521234543
111114245233
1111451145
1111234525
1124512352342135
11423525
1124444355
11114112341431
1111232324541435
12435243
1123454435
1111452312445315
11111423454455
1111451141234453
1111234525
1124512352342135
1112341235
12435243
114241231452

#60
332453241232
3321254534
3123254332
33254415
31113325
12514354
5512332124
533214243324
5432
121254312152
123321243212
3412
35123244
121254312152
125324132324
32512415
12543145
5512332124
123321243212
332453241232
1255321234
12153324
31113325
53324145
121254312152
125324132324
12153324
332453241232
5432

#61
13242543
1114342332
114512
14543532
111352
1111455432
113452143415
145112
111143454332
13214525
1132142332
1131243232
13452243
11
13214525
113214413532
11324525
14341552
113452143415
1132142332
13242543
132143
14135322
111352
1145143532
13214525
113214413532
1111543232
13242543
111143454332

#62
44533212
5543321243
451541321435
4514435243
451442134212
54143342124352
4515513212214453
514351214453
3212214445
4555513221
45144513432143
44533321434453
45342132
43324332
4555513221
445535433343
44533532114332
51214453
4515513212214453
45144513432143
44533212
444531534132143212
435143321243
451442134212
514332434453
4555513221
445535433343
51321243
44533212
3212214445

#63
21243354
12454253
1245
43515234
24531545
12435415
4132541345
121145
2453
14552123
1543215213542534
212234
21234534
14552123
4534
14521523
12431554
4132541345
1543215213542534
21243354
43254435
12125334
24531545
12453534
14552123
4534
12213534
21243354
2453

#64
2222345431
223534115134
2251234223454511
23435451
2345122343
2225113454
2251234351
2252115451
2342524343
22534511
2341
222134
34524231
22
22534511
222521534451
22545131
25113454
2251234351
2341
2222345431
2251233451
22513134
2345122343
23543541
22534511
222521534451
2512223431
2222345431
2342524343

#65
323242435123
232414
3234224145
3244441553
3234224412143512
42415135
242323
32232451
324445
42513125
324442443123
32243123
323424235312
44
42513125
3242243523
4424153125
42415135
242323
324442443123
323242435123
422332
32421153
3234224412143512
32451453
42513125
3242243523
32241153
323242435123
324445

#66
2244532213
422154211523
242415421551
24415353
24215241521523
4215441524135152
2152154323
22215442154251
2432342435
215411551523
215241331523
4244242143
2421522243515213
4215422152
215411551523
2421531431525213
4422141553
21541435
2152154323
215241331523
2244532213
4441521533
22154215332151
24215241521523
42215442423523
215411551523
2421531431525213
24315321
2244532213
2432342435

#67
43251243
3421512415
4412344435
4342414355
1342344435
14123455
43254345
1245
32151455
32145125
11244143
431451251455
32412543
32145125
41435515
31425125
15124345
43254345
11244143
43251243
45342345
34213215
1342344435
34231455
32145125
41435515
34213215
43251243
32151455

#68
434345341232
431154231325
441254
43514325
14145321
11524354
4513253212
435132424332
445324
51342152
4312
435512
4443213254
51342152
115243511245
53211245
14253145
4513253212
4312
434345341232
1425353212
11542332
14145321
43514532
51342152
115243511245
41315232
434345341232
445324

#69
3254321343
325521
32352421
32455134
323351
52144513
2155214323
325214553244
3221542441
55124132
32432132
3254523132
3253241433
55124132
5213241343
55142132
21545143
2155214323
32432132
3254321343
5521423132
21351243
323351
3254553514
55124132
5213241343
32452113
3254321343
3221542441

#70
322332544321
5232311351
254523325313
54325431
5254321533542511
5254315451
55254352354542
535254352251
235242
522523542511
5254322245412511
2325442541
555352345421
5555
522523542511
5522532114524511
2535254151
52543114
55254352354542
5254322245412511
322332544321
254352354542
555535224311
5254321533542511
5352544351
522523542511
5522532114524511
2523232114
322332544321
235242

#71
35344221
5535533212
545521
54531324
53121221
53152414
5331554251
5331215451
5435512551
5545352121
5313531421
534515454211
554535342415524522
554521554521
5545352121
333554425121
35245211
545355545211
5331554251
5313531421
35344221
5453354452
55345322154451
53121221
53312155245421
5545352121
333554425121
33254121
35344221
5435512551

#72
33422145
3433451452452151
51455121
34345521
32452515452151
344554452151
3354142541
51455121
34334245
32214551
34334552114551
334321
353125421145
353151
32214551
333531344551
3332214551
53144521
3354142541
34334552114551
33422145
3351424541
3333541221
32452515452151
345135145521
32214551
333531344551
34531221
33422145
34334245

#73
23215434
232254254111
2323225421
32541354
3232223215
32232225415134
22321554541534
21515415
2322545454
2253422151
3222322314
322543215434
323225432134
322322
2253422151
322325421134
323225432115
542541554134
22321554541534
3222322314
23215434
32322542325434
32215134
3232223215
2322543145
2253422151
322325421134
2322215134
23215434
2322545454

#74
23314425
3242132243
21542533543243
344535413243
24253514324345
2241535214
34425345
34451324
2453
12531245
31254143535142324345
243532414352
231541235214324345
231254113514
12531245
331233144523
233451341452
34415521
34425345
31254143535142324345
23314425
21354253514245
3313521423
24253514324345
214255132413
12531245
331233144523
32415213
23314425
2453

#75
4123454423
454124454423
544142
5414544233
55415423
5512154534
5451322123
552314254423
541554521453
15214523
54152443
51554152415543
545412544233
5544
15214523
554124512443
554152414523
5415535124
5451322123
54152443
4123454423
54452343
554241531423
55415423
554154544233
15214523
554124512443
41523123
4123454423
541554521453

#76
3342135423
531355523121
5234552123
53454213
5545552154235121
5523455534523121
512534531445
53135221312345
2321334251
5123554521
553454554521
333421
513524141523
52315123
5123554521
5235435423
54523121
51342145
512534531445
553454554521
3342135423
5455342435
51213423
5545552154235121
5313323445
5123554521
5235435423
23521341
3342135423
2321334251

#77
3331324245
3351511322
45351352
45135432
435534135211
435544451125
435154141321
435313551312
435131511532
5513242515
45133124251432
4351341332512432
4351435131432245
43514351
5513242515
435314531445
435143413225
435151451152
435154141321
45133124251432
3331324245
4535132144
435314313422
435534135211
4351353432
5513242515
435314531445
53114322
3331324245
435131511532

#78
4214352443
4335252143
435324213324
43553214
432551334135553221
43455314455321
5211355424211534
543154532114
54553442
5135522154
435553355521
5432551335
432551334355532443
43545355
5135522154
435452245334
435432113524
5552511443
5211355424211534
435553355521
4214352443
4345343532
43543145532312
432551334135553221
5453532514
5135522154
435452245334
54211332
4214352443
54553442

#79
3342453321
3343334221
3432533212
43534251
34325345215121
3343435343342151
453342452121
334233442521
34253333
34525121
4353434521
334321
33232145213421
334333421321
34525121
33423231345221
33433344255121
45213451
453342452121
4353434521
3342453321
334343534213244521
3342332151
34325345215121
33432132452151
34525121
33423231345221
3233321451
3342453321
34253333

#80
45412323
45514152424531
454415245343
454424435143
445144434233
445144124543
45541551444233
45541451444124
455144245134
45125123
44124424434233
44511424454143
44412554135123
4441451151
45125123
4441521243
4445115223
4514245143
45541551444233
44124424434233
45412323
4445452343
4454145115122433
445144434233
4541451144424343
45125123
4441521243
15122433
45412323
455144245134

#81
3534332421
333221
55552145
5354534251
352551
5355421451
355432
353421
354332
54325121
35325451322151
3421
332554142151
555151
54325121
535325454325
5532545211
35445211
355432
35325451322151
3534332421
35325545
3525143251
352551
35445321
54325121
535325454325
34521321
3534332421
354332

#82
43123425
14231443153425
121311423125
15433425
115132
142311513345
12343212
433243123425
1211124352
1134125512
1115431512
4331112434
14323425
1423143233
1134125512
431231223425
43321431253345
43154125
12343212
1115431512
43123425
43312114231234
4333151232
115132
142311253425
1134125512
431231223425
124311523122
43123425
1211124352

#83
53134422
553212
5142
51345432
31221152
543132415322
31223142
53431442
53433442
31521254
31223432
515234
31252344
54352432
31521254
53135422514322
5151525432
51315442
31223142
31223432
53134422
5152341322
534451154322
31221152
53123544
31521254
53135422514322
34131522
53134422
53433442

#84
54243123
2231
541211
54234315
54235415
54243115
2343
2514
2354
25412135
542343254123
212243
54212343
5454
25412135
5443
54212315
54211435
2343
542343254123
54243123
5454143231
542541231435
54235415
23541435
25412135
5443
23214315
54243123
2354

#85
44531223
442312
444543545312
4445431253
444443541323
4445453112
444323
4512
4523
45511223
44444312
4312
45431223
45511223
445311
45511223
45453112
444323
44444312
44531223
45454323
54312132
444443541323
45453123
45511223
445311
54312123
44531223
4523

#86
54243132
442321
542433413311
54432315
43145332
54145231
4233112121
53413121
52444232
52431152
4213
2143
54432312
52431152
425342
25314215
54431521
4233112121
4213
54243132
2314213211
43321521
43145332
54143532
52431152
425342
24315321
54243132
52444232

#87
3412353324
34441212312432
35121341251512
3513433254
34125135412532
412541331224412532
45315254431225
34555123
4541351412351232
412531225112
341251351243515412
3454133512312432
435125451512513122
45125451312212513122
412531225112
45411234455112
4541451232
45413514455112
45315254431225
341251351243515412
3412353324
4513544125153122
453534251412
34125135412532
34531525123125413122
412531225112
45411234455112
123142513122
3412353324
4541351412351232

#88
53442312
5531423423
55233553425312
5535445123
551523355131
555155253144
54511534243511
555311534251
55523411
55142312
5551153523514232
55535412
5552334412
5555
55142312
555524334523
5554251312
5553541142
54511534243511
5551153523514232
53442312
555551342531
555511523423
551523355131
5535451423
55142312
555524334523
23351412
53442312
55523411

#89
42313542
51511223
554152
54153423
5123
51143254
5152431434
51151425
433523
5554123512
5523134223
4231344223
554231443254
5544
5554123512
515231435423
52311452
51142354
5152431434
5523134223
42313542
55424334
5141432423
5123
5551344523
5554123512
515231435423
51132423
42313542
433523

#90
23243145
222242532451
223223525451
23543415
22223251
23222432345511
2232541531
254134153415
223245
2232254115
22222431
23423231
2224323451
232232
2232254115
22453545
23254151
24534511
2232541531
22222431
23243145
22435235
22351431
22223251
222423253415
2232254115
22453545
2223243511
23243145
223245

#91
2252421334
235252512511
23253242533442351434
235454551434
2325342353415434
23253425212134
5254355434
5235241523
2325213523532143
52342511
235423251434
2325123534
232532421334
232532422524
52342511
23542251233541
232532412351
5552511434
5254355434
235423251434
2252421334
23253245234234
2354235521142334
2325342353415434
232522425134
52342511
23542251233541
232232531341
2252421334
2325213523532143

#92
22415433
21445121215123
421152513523
42155433
15151523
1541243525135123
444323
422215
42114541251523
1451122153
1251254231
4215453341251523
145241351523
15213523
1451122153
2141431215
41251523
414543411215
444323
1251254231
22415433
4145431523
15221433
15151523
4224531523
1451122153
2141431215
21431523
22415433
42114541251523

#93
12432345
1232
111425
14532345
115312
15142345
1153114253
15112545
1435214545
11253425
1423
12154153
112534214535
154154
11253425
1151415345
12321545
12145345
1153114253
1423
12432345
11134123
15151443125234
115312
43152345
11253425
1151415345
41351232
12432345
1435214545

#94
4344451232
44344212
444512
44535312
445413455211
44443431234551
44533425
4434251232
445432
45532112
4553421124535312
43443312
445444343212
45443345
45532112
4544132412
454434452121
44535121
44533425
4553421124535312
4344451232
44434342
454352312415
445413455211
43452531
45532112
4544132412
43532121
4344451232
445432

#95
12345342
11331322
1453513512
14535324
1124513312435152
1451131524
11245132345412
145112
1455341245
1213112455
112451311454
112455134545
1213435412
11
1213112455
1213144512
12321455
145513414412
11245132345412
112451311454
12345342
1124553123454512
13352412
1124513312435152
1451133254
1213112455
1213144512
31324512
12345342
1455341245

#96
34324125
142453344235
4152
54354123
51231212
51214345
5123125142453145
512413543145
34234345
1423551211
5123351431
343344142545
512344324545
5124152545
1423551211
33413145
35214125
51214345
5123125142453145
5123351431
34324125
3441523415
51325442535451
51231212
5124533124254145
1423551211
33413145
34253121
34324125
34234345

#97
32213445
1231324134
3332413445
3321353445
332441534545
3323144155
3234
32413445
132451
32211545
3213453445
1214513445
3231323445
3333
32211545
34212145
3321321545
34214515
3234
3213453445
32213445
3324
33241215
332441534545
13253445
32211545
34212145
33124215
32213445
132451

#98
4521322423
313223
54511512
54351423
2531
31455412
352435
35143542524323
3531545123
24531512
235341125132
354235113354512423
352453411512
35311151
24531512
354251142151
3542351132
351454511512
352435
235341125132
4521322423
2531143151
35142123
2531
35313545145123
24531512
354251142151
34152123
4521322423
3531545123

#99
32145423
232455342213
222545422154
542543315544
215422115534
23245454211554
54315522424315
54215523152153
543422132143
2221525143
2221521254315544
542354342213
543155455422115534
5415521454211554
2221525143
5422543544
542354211554
54342115
54315522424315
2221521254315544
32145423
234231542154
5421552341543544
215422115534
54155215342213
2221525143
5422543544
2221532143
32145423
543422132143

#100
243232342531
4215214315
4421541515
4244345315
42415223
24151345
4215232153
24423215435115
2345
45221531
4244322331
44224213
43452231
45221531
22431524325153
22451351
24151345
4215232153
4244322331
243232342531
4215223153
24231531
42415223
4424435153
45221531
22431524325153
22431513
243232342531
2345